-1 0 1.98396e-314 1.9478e-318 0 2.122e-314 -3.10037e+231 8.35536e-314 1.04774e-313 1.25993e-313 0 
29.0232 300 2.88569 2.64983 3944.18 13230 300 0.116679 2.0895 4691.64 11511.9 
105.343 300 3.859 2.53975 3929.46 13517 300 1.79655 2.29792 5878.43 14066 
114.006 300 1.12933 2.80811 1896.45 7359.88 300 0.979022 2.3895 12767.9 13977 
349.976 300 2.78322 3.09301 5169.61 12009 300 2.5774 4.0065 6396.39 13907 
354.874 300 3.12409 3.32928 3158.05 13212.6 300 0.249559 2.9717 6692.24 13883 
553.428 300 2.90372 3.63849 5919.41 13538 300 3.3596 3.08959 12762.2 13923 
580.222 300 2.21491 2.48134 2365.64 8688.62 300 1.92219 1.51305 10026.6 13982 
619.188 300 1.39157 3.49943 2919.81 12572.8 300 0.394631 2.40302 7679.05 13908 
787.101 300 4.42456 1.94436 3095.24 7031.11 300 3.36882 3.12464 7141.24 13920 
850.561 300 2.45329 3.76294 12219.7 13484 300 1.50971 4.07074 13037.3 13903 
910.737 300 0.202685 3.37079 2116.55 9045.86 300 0.10631 3.09199 4731.51 13862 
1273.36 300 3.17118 2.65012 4766.64 8110.11 300 3.21011 3.10184 5336.68 13154 
1386.98 300 2.11123 3.11329 1705.85 4616.22 300 3.0675 3.59995 8350.37 13917 
1575.07 300 4.04185 2.90841 6330.44 13146 300 0.884239 4.21154 8318.17 13855 
1619.29 300 2.33356 2.49437 3700.85 6268.21 300 0.909973 3.38372 4423.23 13932 
1623.22 300 0.175982 1.98967 4091.73 11122.5 300 0.103 1.95577 6954.31 12383.7 
1664.74 300 1.19521 4.12647 10591.3 13383 300 1.47222 1.65236 11374.9 13981 
1704.93 300 1.84138 1.36591 3764.07 13192.6 300 2.33823 1.69123 6136.21 13627.3 
1789.41 300 3.08556 2.60952 9367.96 13480 300 3.39227 3.5103 9843.28 13894 
1868.04 300 2.68335 3.11896 6245.26 7862.55 300 0.670394 1.30598 7607.71 13886 
2316.64 300 1.84746 1.93057 9111.51 13417 300 3.03591 1.09486 9829.9 13891 
2498.6 300 2.42089 0.429178 2721.86 9264.54 300 3.10192 1.45235 4072.51 12176.6 
2790.46 300 2.35286 2.91737 6063.58 13613 300 2.93092 2.7141 7329.49 11534.5 
2823.82 300 0.0213353 4.42746 3276.05 9067.27 300 3.7488 3.58339 8465.08 13854 
3172.76 300 3.27594 0.174 4534.07 11217.8 300 3.6114 2.76019 7346.59 13905 
3223.41 300 1.32766 3.03836 4498.39 10699.4 300 1.83537 2.65216 5327.34 11985.1 
3250.89 300 0.640753 1.47062 4262.89 7921.68 300 0.908159 3.20962 9018.8 13944 
3505.23 300 2.79863 3.0277 7826.63 10023.6 300 1.50051 1.98339 12592 14014 
3640.9 300 2.13291 4.43191 6134.28 9188.9 300 2.9363 2.11682 10023.3 13979 
3714.58 300 3.32678 4.30057 7387.04 11799.6 300 3.97784 2.63542 8958.99 13863 
3750.48 300 3.55712 2.15616 7661.33 8960.74 300 3.54295 3.05977 9885.74 13904 
3834.41 300 1.4725 2.90544 6104.43 9898.7 300 4.21985 4.11402 11130.5 13771 
3912.02 300 2.33135 2.27428 6078.01 8146.15 300 1.50127 4.88165 8440.55 13809 
3965.52 300 0.172494 4.34335 8114.38 13202 300 2.92846 4.52773 13612.7 13833 
3973.21 300 1.84065 2.17942 7939.73 11392.9 300 3.32982 2.99631 8546.76 13930 
4154.86 300 2.39789 4.46145 6004.24 10744.5 300 0.403168 4.75907 6980.02 13769 
4209.99 300 0.88945 3.61329 7970.47 12177.4 300 0.302434 3.47226 12674.6 13866 
4211.71 300 3.46584 4.49552 6482.54 7739.1 300 0.937489 3.5543 8009.13 13921 
4271.85 300 1.35865 1.82799 8881.12 13314 300 3.61423 2.73309 11112.5 13905 
4316.29 300 0.124205 1.32493 7555.83 13149 300 3.22141 3.5568 9918.58 13907 
4462.76 300 1.04995 2.33286 7777.69 11443.1 300 1.44892 0.223153 9634.6 13819 
4480.8 300 1.16725 2.04949 6616.42 9236.41 300 3.81452 4.09612 8294.85 13811 
4500.33 300 2.51054 3.70464 5741.92 9854.11 300 1.89153 3.8094 6736.59 10653 
4766.99 300 3.04014 1.8044 7770.14 10364.5 300 2.45965 1.89555 9280.17 14009 
4791.86 300 3.02164 2.44247 10532.2 13336 300 0.574968 2.51355 11132.4 13929 
4808.53 300 3.87189 2.11023 6089.23 8865.3 300 2.38242 0.487471 8920 13631.4 
5111.21 300 0.898483 3.83223 12855.3 13015 300 4.42136 1.84587 13671 13800 
5172.97 300 3.96901 3.22459 9945.8 11798.3 300 3.82229 4.98833 10587.1 13730 
5176.42 300 0.513509 3.49754 5683.88 7165.08 300 2.73039 0.648772 7911.61 11446 
5188.35 300 2.69377 2.35057 10420.5 13373 300 0.657629 3.00093 11305.6 13929 
5430.75 300 3.73187 2.88285 6342.5 8575.77 300 0.429029 3.52588 10099.6 13875 
5500.75 300 3.13989 2.62181 7560.67 9129.52 300 3.89309 2.16954 8283.29 13637.8 
5594.95 300 0.684392 2.89238 12208.4 13544 300 2.38967 2.47791 12977.8 14054 
5676.86 300 3.26182 2.57162 7598.36 10412.2 300 0.98298 4.63658 8523.04 13817 
5710.86 300 3.42867 1.35175 8144.07 10282.3 300 2.06667 3.97822 12319.8 13923 
5727.04 300 2.37786 3.00472 6112.9 11614.4 300 4.96107 3.65577 11216.4 13719 
6068.34 300 0.229372 4.97742 8204.24 9162.31 300 0.124014 3.23894 9234.64 13531.6 
6274.72 300 2.87838 2.4871 9019.27 9883.56 300 3.36388 3.28373 11124 13912 
6279.25 300 2.07309 2.36613 8660.89 12920.2 300 0.417423 3.39716 9288.09 12178.3 
6427.35 300 3.39725 2.72785 11653.8 13430 300 3.31823 3.89752 12655.6 13870 
7352.53 300 0.25409 0.56322 8936.95 10877.2 300 1.49838 2.66953 13508.2 14037 
7443.14 300 0.729749 2.50206 8788.4 10493.6 300 2.56377 2.14534 9745.17 14021 
7518.44 300 0.394133 4.88112 7832.89 11989.9 300 3.51102 0.891705 8891.78 13836 
7641.06 300 1.12169 3.78114 8741.1 12590.3 300 1.4722 2.60372 12123.2 14036 
8007.3 300 3.81137 2.91658 8911.11 11086.7 300 2.6953 4.20329 11109.4 13420.2 
8010.85 300 2.47977 0.85062 11932 13455 300 3.01517 2.63112 12714.3 13978 
8022.11 300 1.51793 3.67699 9054.81 11462 300 4.21856 2.05534 9913.78 12227.7 
8141.38 300 3.64151 3.15039 8956.07 12396.7 300 2.70839 1.49576 9692.99 13953 
8184.73 300 0.541755 3.56587 9859.62 11936.4 300 2.66127 1.29175 10967.3 13316.3 
8200.94 300 4.23958 2.76003 10264 13306 300 3.91706 4.25501 11110.6 13789 
8223.38 300 3.27755 2.18983 8900.22 11327.5 300 2.36465 3.39945 11053.6 13984 
8261.22 300 0.727064 3.77569 9898.22 13530 300 1.37475 2.30767 10424.6 14022 
8301.27 300 0.0643365 2.35764 8475.25 10101.3 300 1.39268 1.3462 10508.1 12626.6 
8338.21 300 3.88119 0.211211 9549.2 11624.5 300 2.12858 3.72629 11183.3 13105.2 
8416.46 300 3.3581 3.67561 10549.5 12125 300 0.538621 3.97128 12089.7 13852 
8564.6 300 0.555643 1.79467 10598.4 11227.1 300 3.70112 1.98139 13794.8 13887 
8686.67 300 0.388708 0.382152 10683.2 12299.7 300 3.3635 3.34952 11760.9 13908 
8839.03 300 2.44366 1.39867 10236.1 12694.2 300 0.0710947 3.61158 11813 13833 
8858.94 300 2.2287 3.86994 13085.3 13373 300 2.1525 1.40536 13757.5 13968 
8875.98 300 1.24067 3.43289 9995.86 12727.1 300 1.45774 3.6326 11023.4 12738.9 
9023.06 300 3.31116 3.02807 10405 13439 300 1.16998 2.665 11895 13999 
9156.95 300 2.15541 2.18426 9336.58 12688.3 300 0.00486395 0.929608 11882.9 13758.8 
9254.08 300 3.10414 3.59818 9830.37 12066.8 300 2.08415 1.8631 12580.4 14023 
9467.08 300 3.83522 1.82988 9725.55 11419.2 300 3.25438 2.45632 11122.9 13950 
9483.34 300 4.49056 4.96348 11389.7 13379 300 3.50625 3.75832 13281 13865 
9508.48 300 2.2014 4.68229 12936.6 13391 300 0.947873 2.69616 13744 13972 
9545.23 300 0.885833 2.55351 10019.2 11933.6 300 3.06657 2.98462 12021.2 13960 
9582.19 300 1.67893 4.91027 11001.2 11915.7 300 4.23003 3.5416 13393.3 13805 
9583.46 300 4.82754 3.37763 9595.17 11972.7 300 2.63746 2.59491 10449.2 13032.8 
9610.17 300 2.82821 2.82686 10376.1 12865 300 4.89272 4.43586 12072.3 13683 
9620.73 300 3.63376 3.33866 11465.8 12076.4 300 4.25103 3.46979 12722.4 13806 
9743.13 300 1.40658 4.03487 10864.6 13541 300 2.39231 3.42937 13714.5 13979 
9874.6 300 0.294104 3.19562 9947.5 11674.6 300 3.97124 3.16903 11467.3 12875.5 
9891.33 300 0.601035 4.3887 10091.1 12791.2 300 2.1072 4.89218 11513.9 13793.6 
9894.53 300 0.439525 2.69974 9966.48 13184.5 300 0.72499 2.98179 10487 11935.6 
10069 300 3.26133 1.73486 11163.3 12080.4 300 3.64669 2.99349 12085 13894 
10210 300 0.548873 1.78317 12602.9 13303 300 0.618487 0.264176 13553.9 13785 
10323.6 300 0.838802 4.65643 10855.1 13115 300 4.05513 3.11237 12994.8 13843 
10379 300 0.368444 4.96236 10727 13025.9 300 1.04021 1.57989 12376.6 13941 
10380.2 300 3.80162 3.26394 11673.3 12490.4 300 3.91572 2.69796 12840.7 13869 
10390.7 300 3.33079 0.830888 11222.9 12824.6 300 0.342837 2.99161 12035.5 13870.2 
10464.6 300 0.184178 4.42579 10959.8 13125 300 0.693819 0.897232 12417.3 13652.1 
10601.6 300 2.90527 2.7553 10787.3 12853.4 300 0.799603 3.83221 11469.4 13594.1 
10603.5 300 4.75578 4.18984 10929.3 12403.5 300 0.0778771 2.99835 11903.7 13208.7 
10637.4 300 3.74976 4.64668 12371.3 13070 300 0.0262489 3.40626 13142.3 13840 
10663.8 300 3.91454 1.54749 13061.1 13151 300 1.59283 4.28492 13797.1 13881 
10774.8 300 0.0733543 3.42312 11201.8 13412 300 0.0632922 4.13228 13338.7 13797 
10830.9 300 4.66235 2.28821 12152.4 13351.8 300 3.75331 2.61282 13089.4 13890 
10904.3 300 2.18774 3.24131 11961.4 13624 300 2.72399 2.80593 12925.9 14006 
11405.5 300 1.61109 4.57703 12470.8 13461 300 1.39599 2.37096 13073 14026 
11481.8 300 0.921011 2.10323 12939.5 13319 300 0.539639 3.99613 13635.9 13850 
11817 300 2.38484 3.30689 12495.1 13617 300 2.27752 3.58819 12906.6 13966 
-2 300 2.38484 3.30689 12495.1 13617 300 2.27752 3.58819 12906.6 13966 
