-1 0 1.98396e-314 1.95286e-318 0 2.122e-314 -3.10089e+231 8.35536e-314 1.04774e-313 1.25993e-313 0 
80.4891 300 1.2748 4.41497 18761.6 24640.5 300 0.767023 1.03065 20524.6 26470 
81.5864 300 3.00308 4.84951 21340.7 25722 300 3.71148 1.33126 22972.5 26452 
165.355 300 1.97507 2.9654 5440.72 25408.1 300 2.47928 1.14216 22288.2 26528 
231.223 300 3.75168 3.63831 4245.83 19071.1 300 3.10991 1.43944 11353.7 19678 
336.467 300 1.09767 2.21491 12858.7 26192 300 1.83259 3.08382 15340.8 26628 
639.441 300 3.74386 3.28039 7527.11 23861.1 300 2.10131 4.22683 12976.2 21537.7 
682.869 300 4.74808 2.17481 1101.9 6786.36 300 3.70063 1.75959 2335.72 26478 
694.321 300 1.18218 2.82726 9359.99 23162.4 300 3.77755 2.2012 14431 22983.7 
711.877 300 0.175005 2.60801 7501.19 17757.7 300 2.6076 3.00586 14267.7 26606 
857.504 300 0.90817 4.82383 19505.7 26041 300 1.33803 2.52583 21398.4 26621 
887.89 300 0.362224 3.79215 5989.41 18821.5 300 2.48643 2.00925 10323.2 19710.5 
1101.1 300 1.81209 1.37554 15362 26067 300 2.4723 3.19869 16028.8 26599 
1297.95 300 2.44735 1.79801 6105.24 19865.5 300 3.45656 2.2129 24434.2 26522 
1345.13 300 3.20638 2.17911 8646.84 23181.3 300 0.735987 3.78345 13388.8 26484 
1631.93 300 1.60503 4.0948 7186.07 13505.1 300 0.905213 3.3403 16866.6 25173.3 
1767.16 300 3.87599 2.46799 12861.5 24857.1 300 3.66172 0.489013 13451.5 26387 
1781.22 300 0.33229 1.92863 11455 21439.9 300 3.73163 2.0705 15860.1 26486 
1976.07 300 0.237688 3.16179 3695.46 11171.8 300 1.67972 1.54738 7040.04 26580 
2086.98 300 0.275538 3.73856 25023 25992 300 2.51944 3.52775 25860.1 26562 
2163.69 300 3.69223 2.29362 3845.34 22996.3 300 3.16822 2.52213 8102.63 26560 
2343.32 300 3.41604 2.87238 5777.14 16025.8 300 4.53416 3.74101 12872.2 24097.4 
2386.27 300 2.71804 2.77785 13439.2 21810.7 300 4.00026 1.46678 19330.2 26430 
2523.53 300 2.0821 2.64152 12092.5 26268 300 1.49246 2.54528 21370.6 26639 
2825.37 300 3.45893 4.9201 7313.69 14221.7 300 2.60928 0.422019 15453.4 26441 
2845.41 300 3.54933 1.58069 24804.4 25978 300 3.75699 0.63723 25330.8 26393 
2873.88 300 1.72542 2.60588 3123.64 7360.27 300 3.84384 3.19036 14762.7 26464 
3017.72 300 3.01679 3.40199 7631.15 23906.6 300 2.01141 2.95983 11448.4 26365.7 
3027.41 300 2.2299 2.94104 6230.99 15702.6 300 2.12423 1.48329 24037 26578 
3083.09 300 1.26901 2.84786 7359.74 14599.6 300 3.14731 3.33417 10196 24226.6 
3130.21 300 2.07773 4.43656 6237.58 14291.9 300 1.726 2.02054 26184.6 26634 
3334.84 300 3.03667 3.09936 13326.2 25863 300 1.42857 4.66613 22277.6 26432 
3348.35 300 1.65264 4.20059 12241.4 15059.3 300 1.39549 3.69858 21193.6 26539 
3675.18 300 2.80758 3.65258 5423.47 18687.1 300 1.41571 2.65106 12873.8 24812.7 
3733.91 300 1.97876 2.28827 22235.2 26121 300 3.11737 2.6804 23999.5 26565 
3913.99 300 1.89477 4.4316 8970.55 19715.8 300 3.35603 0.401426 11401.2 26401 
4070.36 300 4.86841 3.14323 8269.57 24214.8 300 2.29733 4.06481 15606.5 26509 
4107.1 300 1.88769 3.70126 12198.4 16271.9 300 3.04705 4.31243 17390.8 26449 
4168.96 300 4.93214 4.04742 22809.9 25514 300 0.154461 4.33879 23906 26388 
4344.81 300 1.07008 3.52111 4435.77 15494.5 300 3.62589 0.0642071 10358.3 24050.7 
4387.12 300 0.135092 4.16616 7113.2 24689.8 300 2.92424 4.87249 22178.1 26395 
4544.26 300 3.02666 2.40604 7428.47 21709.1 300 0.442389 4.37952 15135.3 26408 
4603.02 300 2.63108 2.32338 10652.3 16947.4 300 3.90969 2.47526 11129.9 26471 
4677.42 300 2.94602 2.12248 6898.93 18579.8 300 0.548371 4.65464 14268.7 23171.5 
4677.69 300 1.2387 2.51673 6062.59 8968.49 300 1.26357 2.66246 20052.5 26610 
4737.2 300 0.198357 4.78721 11510 14213.3 300 3.33857 2.26154 23578 26537 
4757.38 300 2.08356 2.40975 6299.72 22423 300 0.0893164 3.00226 15881.9 25021.2 
4912.39 300 2.68092 2.64044 8276.09 13994.9 300 1.26447 3.40976 13591.6 26560 
5124.38 300 2.60784 2.02874 11335.8 20553.1 300 3.38382 2.78709 16391.2 23080.6 
5141.29 300 2.41544 3.19569 11705.6 22705.2 300 0.113281 2.57107 14398.1 26474 
5238.08 300 1.62809 2.2568 6747.05 11530.4 300 2.05643 2.29512 15894.1 25417.6 
5244.54 300 1.60158 1.56517 7157.14 16811.3 300 4.19806 4.17231 22892.1 26369 
5454.29 300 0.238018 4.57862 6254.55 8715.6 300 4.70967 1.03996 12550.5 26331 
5786.65 300 2.10471 2.05466 15638 25945 300 3.58822 3.37751 22597.8 26483 
6014.85 300 3.06693 3.37254 13883.6 20933 300 3.73024 2.97842 15514.5 26485 
6170.44 300 0.522938 3.32973 7157.52 12620.4 300 1.76761 2.63316 9096.94 26668 
6274.21 300 3.85233 0.936652 7656.71 15196.2 300 3.09438 4.79029 16148.4 26396 
6285.61 300 3.21787 0.364421 13245.6 16340 300 0.231521 2.75524 14357.6 26011.9 
6538.33 300 2.75493 3.58906 8971.98 13080.4 300 4.05826 0.539592 18940.1 26359 
6558.71 300 2.34525 1.97847 19339.4 25995 300 1.26829 3.67248 26479.4 26535 
6620.74 300 3.38216 1.90885 14808.3 26057 300 3.2026 3.31373 22369.6 26526 
6791.87 300 1.46268 2.2917 12564.4 24904.4 300 3.60648 3.25413 18941.3 26488 
6845.76 300 2.3617 2.46645 16287.3 22984 300 1.69806 1.24174 19973.2 26545 
6851.48 300 3.88662 3.74693 20715.4 26052 300 1.63173 2.62602 22077 26654 
6905.46 300 3.76438 3.69453 14050.1 25777 300 2.15932 0.700139 21614.5 26484 
7152.53 300 2.42842 2.60512 16251.3 19799.9 300 1.83491 2.39791 18664.3 26677 
7241.8 300 2.59386 1.97762 12924.3 15781.8 300 1.4615 2.66999 13755.4 26633 
7321.04 300 1.43271 4.57511 10062.3 13793.3 300 1.509 3.18083 17698.5 26600 
7337.34 300 0.748832 1.82204 22812.3 26140 300 0.500248 1.52771 23995.7 26486 
7415.79 300 3.10147 2.78148 9414.39 14897 300 2.53401 2.20777 26229.4 26627 
7478.18 300 3.42666 3.89415 8540.3 23704.7 300 0.413781 3.25983 17826.1 26489 
7495.39 300 1.95819 4.24316 21558 26070 300 0.971012 2.9266 23919.1 26567 
7557.3 300 2.5916 2.89429 8174.91 22228.9 300 0.495891 2.74209 13309.6 26518 
7659.25 300 1.49042 1.83209 13078.4 23184.4 300 0.717776 1.34956 15972.1 23514.1 
7662.81 300 1.37724 3.79856 8500.83 23776 300 2.01815 3.16034 11698.5 26621 
7673.75 300 3.52928 1.50691 11964.8 25775 300 4.72344 3.49519 12624.1 23478.2 
7677.7 300 4.24209 0.612374 16732.6 23014.8 300 4.53199 2.34299 20854.7 26396 
7806.02 300 0.0409932 2.8565 15262.6 17936 300 3.89052 3.495 16115.8 25215.7 
7824.15 300 1.31827 4.18705 15025.5 25906 300 2.25979 1.37165 17449.2 26562 
7828 300 4.46021 4.02305 18476.7 25290.8 300 0.341951 2.50116 22596.6 26502 
7947.83 300 3.76662 1.25799 13015.4 18974.7 300 1.71351 3.23624 17685.1 26606 
8127.77 300 3.96644 4.34415 16069.4 22359.5 300 3.84034 4.965 19541.8 26331 
8159.66 300 2.51353 3.53618 24225.8 26118 300 3.24003 2.70701 24870.3 26550 
8360.59 300 3.65439 3.11871 13161.1 19367.7 300 1.81682 1.9176 14063.5 26627 
8441.72 300 4.546 3.06958 8763.39 22309.3 300 1.30872 3.8366 23821 26520 
8477.44 300 1.07318 1.25719 13290.3 18873.7 300 4.30868 1.85921 19710.9 25648.5 
8782.76 300 1.88608 2.42159 15112.6 20016.4 300 3.78723 2.58878 17911 26066.9 
9128.23 300 1.28875 1.96219 10669.2 23452.8 300 2.58763 2.12764 16272.4 26617 
9129 300 1.47327 3.37703 11746.7 23249.8 300 3.4398 2.77485 18513.9 26525 
9146.64 300 3.37344 2.30127 15872.9 26120 300 1.96339 1.69613 26128 26604 
9208.04 300 1.82775 1.48469 14266.5 26203 300 2.40563 2.57676 23367.5 26651 
9224.52 300 0.945888 3.99898 11331 23366.7 300 2.109 3.73966 17545.3 26551 
9249.57 300 1.53471 1.90694 15539.6 25259.2 300 0.435222 3.13477 16880.3 26498 
9629.74 300 1.20724 2.84383 10273 15768.1 300 0.821958 3.27623 15335.7 26531 
9747.84 300 1.12492 2.99221 12041.2 23123.3 300 2.37607 4.84593 15233 24707.9 
9758.13 300 0.463874 2.87811 12883.8 16983.8 300 2.81732 4.0945 22855.7 26485 
9898.56 300 1.78359 4.58474 10783.8 16725.8 300 3.48675 2.02332 18086.8 26382.7 
9911.86 300 2.74554 1.42225 16550.7 24072 300 4.46058 3.53519 20477 26380 
9968.14 300 4.81123 0.425505 17667.2 19493.8 300 3.03494 3.32869 26397.9 26541 
9971.65 300 3.15715 3.01078 12613.3 21498.8 300 3.1667 3.4751 19295.5 26518 
10067.7 300 3.81035 3.19141 13561.9 17129 300 2.70002 1.45866 23745.7 26550 
10128.4 300 1.61454 2.9466 17602.6 26023 300 1.00159 4.07664 20185.8 26477 
10171.8 300 0.961799 1.4701 16536 26119 300 2.18782 2.91496 20994.4 26646 
10190.5 300 0.664626 1.3737 18439 25870 300 0.168346 3.6035 21502.2 26444 
10208.9 300 2.37694 3.6313 13980.3 23867.4 300 4.29294 4.04771 24094.9 26369 
10372.7 300 4.9679 2.29352 10561.2 18071.1 300 2.99786 2.8629 16945.6 26573 
10507.3 300 1.61645 2.70225 14860.3 16571.8 300 4.26427 2.21103 20785.6 26427 
10559.6 300 2.50241 1.1954 21326.5 25671.6 300 3.6035 4.32697 23279.4 26409 
10749.8 300 4.91484 1.83335 10848.3 22767.7 300 2.57979 1.71584 17806 26583 
10896.1 300 0.63953 3.00993 15951.3 21718.4 300 2.92763 1.94908 17337 23127.3 
11090.4 300 0.160939 2.93718 13173.5 17028 300 4.18797 2.3954 18252.2 26438 
11126.1 300 1.4384 2.99419 11289.1 20977.8 300 3.78386 3.45344 17752.1 24860.5 
11165.8 300 0.0873414 2.69114 16527.3 18273.9 300 0.481424 2.84749 17104.3 26514 
11166.4 300 4.0339 2.29609 13388.3 20568.6 300 1.07639 1.41908 15535.7 26530 
11177.8 300 3.60573 2.86439 16973.9 23888.9 300 0.0233346 4.6769 19756.9 26348 
11333.3 300 2.06516 3.07114 12479.4 21326.1 300 2.40624 3.24793 13803 26598 
11384.4 300 2.58674 1.44735 18175.1 22582.4 300 0.623322 1.34707 22340 26485 
11451.2 300 3.15386 2.81932 19928.4 24037.1 300 2.11514 1.57337 20477.8 26588 
11488.5 300 4.28069 3.7477 18447.8 25695 300 0.265828 3.00717 19579.4 26484 
11488.8 300 2.42455 2.75153 18064.8 25934 300 3.69008 3.89459 23907.7 26438 
11513.4 300 0.774987 4.79571 14864.6 26073 300 1.62334 4.08465 17646.4 26505 
11643.4 300 2.62817 2.96984 17019.7 22950.6 300 3.68477 4.92618 23028.5 26346 
11704.8 300 3.51224 3.86286 23350.6 25755 300 0.166981 3.27591 25847.8 26462 
11747.4 300 0.234389 3.41228 16026.2 25942 300 2.59648 1.76435 20361.1 26587 
11747.5 300 2.6841 3.20817 17971.6 25795 300 3.92965 0.951256 20789.6 26404 
11860.8 300 3.7813 3.66111 18467.6 25063.6 300 0.766579 2.94509 26086.1 26543 
11874.3 300 4.86581 1.73194 17188 20987.8 300 4.72881 1.47346 25233.7 26351 
11894.5 300 3.18201 2.63221 19451.4 25934.3 300 2.50664 3.60597 20213.8 25272.2 
11925.4 300 3.26826 2.84674 16228.3 20563.2 300 2.54695 3.06304 19711.9 25929.1 
12138 300 3.35764 3.19613 13443.5 15328.4 300 4.76674 1.72465 18114.6 26356 
12474.6 300 1.07491 3.70497 16549.6 24578.1 300 1.99283 3.11078 21192.2 26627 
14204.1 300 1.52442 4.107 15746.6 19766.5 300 0.438291 2.71381 20120.8 26511 
14590.7 300 3.91071 2.73183 14702.9 22284.7 300 2.61851 0.672857 20861.9 26469 
15051.1 300 3.97156 3.26556 15432.1 20977 300 1.55641 2.27009 26030.3 26641 
15227.2 300 1.6987 2.09448 20090.6 25843 300 3.41795 0.599392 22702.9 26416 
15343.2 300 1.17349 0.560072 15452.2 20405.5 300 0.303927 3.15641 16367.9 20884.4 
15491.3 300 3.78198 2.82396 18482.4 23556.9 300 4.91595 2.81931 24123.7 26348 
15516.6 300 1.78137 2.96181 21810.7 26244 300 1.97806 3.36184 23487.2 26597 
15543 300 3.59506 3.40247 16586.8 20547 300 2.68634 3.29755 24677.9 26574 
15745.5 300 3.43204 3.53007 23659.1 26111 300 2.2782 3.71564 25062.6 26551 
15820.8 300 2.97637 2.45154 22007.3 23339.5 300 3.18973 2.53386 23862.8 26558 
15911.4 300 4.72498 2.33388 15949.6 21729.8 300 2.63554 1.71814 21768.2 25400.1 
16323.6 300 2.18713 4.67506 24474.7 26130 300 1.80386 3.57831 25234.5 26569 
17049.6 300 0.128187 3.10214 25858.4 25888 300 2.78055 1.57505 26528.1 26555 
17298.8 300 1.97914 1.78692 18104.8 25655.4 300 3.18324 1.90926 25664.8 26542 
17314.9 300 0.758639 1.14283 18616.5 22998.9 300 1.97044 3.53873 21673.4 25955.7 
17413 300 3.56272 3.62291 18858.2 22223.2 300 0.119425 4.18994 19705.1 23656.9 
17449.1 300 0.859395 2.66888 18412 20370.6 300 3.57004 1.05758 19448.3 26445 
17540.9 300 1.33715 4.98783 19436.1 20393.4 300 0.789033 3.95407 23799.2 26473 
17784.1 300 3.88473 2.93987 19545.6 22369.6 300 3.79831 2.74322 25917.4 26483 
18071.7 300 1.87774 3.53179 21726.5 26107 300 3.04798 2.91745 26561.4 26565 
18282 300 1.61696 1.88384 22034.3 24694.2 300 4.00617 2.01605 23845.2 26453 
18490.5 300 1.39466 3.17653 20824.7 21839.1 300 1.87069 4.77443 23479 26427 
18540.4 300 1.75199 1.25608 21727 23722.5 300 3.64689 4.6307 23573.5 26265.4 
18595.3 300 3.16501 2.011 23096.8 25624 300 4.7828 4.55631 25844.8 26285 
18800.3 300 0.343899 3.53742 24288.3 25922 300 0.67613 4.81815 24981 26380 
19170.8 300 2.75548 1.70733 19480.8 23182.8 300 3.19701 1.66352 21571.3 26525 
19281 300 3.43991 3.06955 20125.2 22526.8 300 3.00089 0.338019 24603.6 26415 
19617.4 300 2.89219 0.367646 21730 25784 300 3.54403 3.56846 24178.5 26475 
19750.1 300 2.0732 2.35319 20607.8 23338.7 300 3.54275 1.82255 25095 26498 
19996.7 300 2.77964 2.53954 20179.4 24129.7 300 1.46381 2.04727 21857.7 24864.9 
20199.2 300 4.5284 3.88365 24942.4 25602 300 0.734616 4.91886 25887.7 26373 
20337.8 300 0.435654 4.23238 25595.2 25918 300 2.66585 4.16417 26222.5 26485 
20617 300 0.829882 4.71882 22417.3 23393.3 300 4.80915 3.71344 24355.3 26333 
20645.9 300 4.09439 4.04837 21655.8 22739.5 300 1.31956 3.3433 22701.8 26320.1 
21722.4 300 3.63776 2.5286 22221.9 23522.4 300 1.95055 3.31594 24465.3 26602 
21898.7 300 3.29188 0.680091 22932.1 23707.8 300 1.59237 3.88434 23684 26527 
22059.8 300 3.25258 2.7367 22060 25733 300 0.503211 4.35314 22759.5 26415 
22320.4 300 2.97433 1.4245 24658.4 25945 300 3.90394 3.00159 25521.5 26464 
22558.2 300 0.689139 4.05976 22624.3 25277.4 300 2.4831 3.4687 25966.3 26571 
22618.8 300 1.44006 2.06823 25591.5 25901 300 1.32989 4.30569 26313.9 26469 
23814 300 0.442253 1.85734 24460.3 25614 300 2.01446 1.235 25168.3 26549 
23931.4 300 1.99496 3.78419 24437.1 25868 300 3.91861 2.20027 25751 26467 
24132.3 300 3.46938 1.92924 24571.8 25932.3 300 2.68821 2.26393 25034.9 26429.8 
24141.9 300 1.97426 3.90776 24556.8 25941.9 300 2.13308 3.94054 25635.7 26527 
24212.6 300 1.75131 2.49823 25321.9 26012.6 300 0.410517 3.0022 25847.2 26500 
24362.5 300 2.78844 2.90023 24382.7 26162.5 300 1.96772 2.93812 25694.9 26648 
-2 300 2.78844 2.90023 24382.7 26162.5 300 1.96772 2.93812 25694.9 26648 
