-1 0 1.98396e-314 1.9478e-318 0 2.122e-314 -3.10037e+231 8.35536e-314 1.04774e-313 1.25993e-313 0 
46.6943 300 3.71616 3.55406 3683.02 12299.5 300 3.93986 1.8966 6254.01 13857 
359.758 300 4.35467 3.28839 2586.83 10024.1 300 0.320807 2.8503 7024.06 13895 
780.942 300 0.931393 2.88115 3912.18 13191 300 3.98228 2.3742 4939.83 10387.1 
822.366 300 0.0447395 2.69222 6609.84 9460.53 300 4.16338 2.19588 10241.9 13838 
918.781 300 3.2646 2.08053 3593.57 12972.1 300 2.95223 3.6241 6272.79 13924 
928.946 300 3.2305 0.1312 1133.74 8409.41 300 2.81802 3.74351 7030.65 13922 
1235.33 300 3.58895 2.61409 7523.27 13513 300 1.60121 2.59692 8831.74 14051 
1262.33 300 4.48286 3.37558 4245.87 9027.89 300 0.0802463 2.92335 7958.34 13865 
1273.09 300 3.51912 2.00614 4142.17 11714.4 300 0.752415 0.525257 4838.4 13820 
1277.55 300 3.46096 3.52017 2150.02 7038.39 300 2.06176 3.66725 12402.3 13960 
1585.8 300 3.94038 3.08892 9916.88 13288 300 1.84574 4.33312 11321.9 13880 
1720.77 300 0.8783 2.64178 3328.73 10433.6 300 1.36966 3.91022 11430.8 13915 
1757.1 300 0.462318 3.56901 2972.46 9189.73 300 2.75642 1.87861 5154.37 13983 
1957.92 300 3.87398 1.06182 6590.34 11045 300 1.62668 1.76173 10342.9 14001 
2129.54 300 1.37203 1.96069 2253.85 11624.3 300 4.60846 1.7682 5745.88 12199.6 
2131.99 300 1.93976 3.02459 6944.9 13109 300 0.0115547 4.87822 12352 13729 
2279.77 300 0.962272 2.81692 4470.09 8263.98 300 0.879903 2.13586 9559.8 13959 
2371.33 300 1.27248 1.43995 4633.97 7055.85 300 1.8317 2.97077 13270.3 14041 
2489.09 300 3.31128 0.756584 4078.49 6211.4 300 2.00274 3.65955 10304.7 13961 
2883.22 300 0.0732249 1.62355 5779.46 9959.07 300 0.385894 4.56463 7667.45 11180.3 
2931.34 300 0.268826 3.03479 4330.47 7522.24 300 0.791802 1.5797 6619.43 13918 
2932.03 300 0.779493 3.70661 5978.78 13172.5 300 1.42099 1.91443 6837.99 14002 
3132.35 300 0.0540673 2.6797 7915.54 9948.03 300 3.0868 0.801187 13339.7 13858 
3136.5 300 0.420182 1.72647 8554.63 13590 300 1.14256 2.04821 9973.27 13984 
3225.51 300 1.23684 2.12365 3589.8 9149.86 300 0.920462 2.68444 13293.5 13969 
3231.45 300 0.354819 3.73421 5799.8 13264 300 3.29061 3.26467 10589.3 13920 
3452.16 300 3.40755 1.44236 4519.77 12672.8 300 1.65813 3.37759 12206.9 13987 
3508 300 3.41384 2.00978 4780.24 13323.8 300 2.28269 2.74229 6098.61 14056 
3535.56 300 3.59211 3.00118 7076.77 11263.6 300 4.03519 2.28376 10087.6 13855 
3698.77 300 2.39472 2.28888 5454.52 12808.9 300 3.82491 3.45365 10604.5 13853 
3728.05 300 4.55778 2.48835 8677.65 13338 300 2.11226 1.3456 13010.4 13961 
3750.27 300 0.538992 4.66912 6941.21 12641.5 300 3.11791 2.06869 13471 13957 
3772.54 300 3.39224 3.30206 8827.49 13475 300 1.43242 2.93809 11431.5 14014 
3786.6 300 3.30387 3.25045 5514.8 8179.44 300 1.03471 1.59981 8197.94 13942 
3802.82 300 0.689195 2.92411 6850.61 9119.18 300 1.60112 4.99634 8013.94 13797 
3919.01 300 1.52208 3.66789 6499.09 9688.77 300 3.02335 1.27222 7823.68 13909 
3926.26 300 1.66843 3.01499 8774.24 13307 300 3.78202 2.10985 10495 13882 
3946.29 300 1.53156 2.88339 7315.1 12260.7 300 0.780419 2.64973 8652.72 13953 
3947.91 300 0.410741 4.34319 4294.07 6649.66 300 0.915592 4.40593 8124.77 13837 
3972.37 300 0.832185 3.16006 5375.45 7451.5 300 0.0907737 3.52551 6295.39 13840 
4025.71 300 1.12784 2.29277 7131.26 11287.6 300 2.84277 2.43066 8990.97 13999 
4081.93 300 0.464864 2.68726 5145.27 11268.4 300 1.83555 4.3742 8097.23 12081.6 
4099.93 300 3.19769 4.16169 5902.55 13290 300 0.715461 3.65763 7701.01 13893 
4126.01 300 3.00838 3.88232 5308.97 8306.79 300 3.87593 3.76253 13025.8 13829 
4148.38 300 0.0864738 3.21702 4654.11 12103.1 300 3.01989 3.5779 9165.98 13922 
4155.45 300 2.07111 2.52509 7447.1 11814.8 300 2.89535 3.74208 10681.4 13917 
4187.13 300 0.241995 4.95562 8233.86 12734.1 300 2.01097 2.50204 10540 14099 
4289.02 300 3.74727 3.30148 7917.62 13213 300 1.38346 4.61063 11065.9 13837 
4300.29 300 0.308081 1.73228 4413.83 9655.8 300 3.24771 2.84162 7374.16 12925.7 
4353 300 0.39925 3.22035 5787.96 10821.8 300 3.56174 0.0438147 8134.97 13751 
4435.72 300 0.286409 1.73493 10973.3 13171 300 2.48138 4.30533 12103.9 13876 
4483.88 300 0.616284 3.68292 7346.08 12334 300 4.95657 3.35721 8641.58 13731 
4545.88 300 1.50842 4.26511 7797.91 13373 300 3.24095 2.7403 12367.4 13949 
4573.72 300 1.44307 3.02176 8526.2 13591 300 2.5309 2.88192 9389.21 14022 
4614.56 300 3.90557 2.22492 8624.43 13320 300 1.80337 0.961112 11245.6 13914 
4677.77 300 1.23618 3.53689 7783.43 13095 300 3.28264 3.1929 10095.2 13926 
4754.39 300 3.24641 2.72997 6370 12942 300 2.65893 0.42644 9588.17 13839 
4802.46 300 3.41691 3.85436 9743.21 13147 300 0.234064 2.09635 11540.4 13883 
4877.28 300 3.89335 2.59486 7873.53 12447.9 300 1.27235 3.60243 11878.4 13942 
4933.73 300 2.18296 0.258776 11265.6 13445 300 1.98471 2.85848 12712.3 14057 
4938.23 300 3.60412 2.48882 7680.02 9556.26 300 1.69703 2.62394 9706.85 13795.9 
4976.58 300 3.01126 3.0377 5877.61 10411 300 0.925576 1.07444 7577.02 13886 
5032.03 300 4.83093 1.99804 6546.2 9505.32 300 1.07913 1.8523 10079.7 13965 
5075.79 300 4.73588 1.75662 8626.99 13375 300 1.74623 2.01204 12390.4 14035 
5121.78 300 2.45724 2.87672 8364.49 13597 300 3.05774 2.70592 10437.3 13971 
5179.58 300 3.68108 0.405785 12998.4 13465 300 2.67385 2.20537 13899.1 14012 
5218.53 300 3.54388 1.26598 8237.48 13322.3 300 1.65188 1.49655 10716.8 13973 
5219.3 300 0.942526 3.70272 6532.06 9250.9 300 2.61298 2.62755 10387.6 13464.2 
5345.96 300 3.25548 4.13054 8760.74 13529 300 3.16139 3.25684 13131.8 13934 
5369.66 300 0.473397 3.26004 9471.69 13351 300 2.8917 3.47998 11060.8 13942 
5554.94 300 2.0089 1.63313 6494.7 9576.24 300 2.49025 3.34942 8512.69 13983 
5608.73 300 3.28568 1.75784 8569.59 10494.6 300 3.03085 3.285 10465.1 13945 
5619.84 300 0.0696537 2.96238 5962.63 11615.7 300 3.83218 3.06423 8166.94 13870 
5675.56 300 0.324092 4.82495 8352.6 10414.2 300 2.94199 3.4067 13927.4 13944 
5746.14 300 2.34233 2.20641 12164 13305 300 3.9037 3.46147 12816 13845 
5821.03 300 4.51885 3.44439 6920.46 8868.51 300 3.31219 3.31606 8449.78 11975.7 
5966.14 300 3.21752 2.85356 8989.8 13282 300 0.540149 3.20452 13668.1 13906 
6033.51 300 2.14492 3.35668 8765.72 10933.3 300 2.97248 2.51431 10998.7 13984 
6034.47 300 3.79258 2.5369 11473.6 13530 300 2.02016 2.94098 12935.4 14048 
6040.63 300 3.98829 4.791 7917.66 10018.4 300 3.57572 2.42751 9599.68 13911 
6102.13 300 0.0550962 3.15897 10792.7 13291 300 2.59305 3.97344 11988 13910 
6240.85 300 1.38253 0.0280811 12762.3 13279 300 3.4709 1.24164 13755.2 13868 
6385.93 300 3.16719 4.09833 9745.24 13323 300 1.35411 4.52314 13566.3 13846 
6390.33 300 1.97902 2.43322 10757.9 13509 300 0.776542 2.38817 12987.4 13953 
6483.96 300 1.64416 3.06804 12108.3 13409 300 0.292166 3.31543 13363.8 13873 
6597.1 300 3.34263 0.108622 8780.81 10496.9 300 3.77909 3.53077 10920.1 13854 
7101.06 300 0.383511 3.89336 8322.93 13343 300 1.10191 4.90999 13249.7 13792 
7117.5 300 3.02832 1.54092 9031.56 12849.5 300 3.50587 2.02667 9758 13911 
7348.85 300 3.79117 3.26876 10262.6 13380 300 2.89979 1.39364 11619.2 13929 
7717.99 300 2.57822 2.55212 13558.1 13646 300 2.89885 2.72076 13939.9 13989 
8051.16 300 1.29484 2.74103 10313.2 13562 300 1.19356 3.46684 11990.1 13949 
8090.87 300 3.06363 4.95586 8501.41 11342.7 300 2.0267 1.44077 11239.9 13784.3 
8259.83 300 3.16444 0.0853741 10326.9 13145 300 3.26499 3.7608 12319.1 13886 
8442.43 300 1.93984 1.72368 11565.1 12636.6 300 2.2161 3.13982 13424.1 14019 
8451 300 2.41158 2.05726 8527.26 10251 300 0.127781 3.02639 10642.5 13867 
8452.98 300 1.18275 2.60776 8869.74 13236 300 2.37766 2.84361 12799.4 14039 
8469.93 300 3.39881 4.80925 10877.8 12153 300 2.00048 3.41353 13054.2 13991 
8521.04 300 0.00902509 4.24749 12509.1 13202 300 3.21184 2.27386 13471.3 13953 
8532.72 300 2.56526 1.37818 10838.4 13300 300 3.62816 3.42005 11650.7 13876 
8532.09 300 4.93433 2.26222 9568.09 12472.8 300 0.807085 3.60277 12547.9 13906 
8578.87 300 0.456457 2.71959 12676.7 13487 300 1.50319 3.62827 13506 13953 
8642.5 300 0.724719 2.04898 10210.5 12315.2 300 4.57863 4.74326 11391.4 13690 
8652.07 300 2.25246 3.3677 10806.8 13101 300 0.833066 0.320945 12056.1 13804 
8714.63 300 2.12768 4.84264 10592.2 13399 300 1.02122 4.44026 13701.2 13840 
8720.81 300 0.100856 2.70363 10436.6 11522.4 300 3.384 2.91116 11285.2 13927 
8725.9 300 3.42588 4.67434 10047.4 11130.7 300 2.98833 2.61755 10631.9 13981 
8726.04 300 1.10235 1.80592 11324.8 13512 300 2.33246 1.43126 12505.7 13966 
8788.96 300 2.10721 0.210314 10097.6 12325 300 0.202563 4.9013 11154.8 13741 
8809.85 300 3.36384 0.571266 11527.5 13124 300 0.667596 3.49517 12776.2 13901 
8902.39 300 2.89599 4.83315 10406.8 12828 300 0.154291 1.00586 12316.2 13816 
9089.95 300 3.41054 0.555539 10260.8 13229 300 0.638986 2.53055 13040.6 13937 
9261.73 300 3.59851 2.57657 10439.4 13578 300 3.30362 2.94897 11131.3 13813 
9346.25 300 1.82598 3.52821 10872 13240 300 3.85508 1.77258 12295 13861 
9378.83 300 3.97069 0.534143 10800.9 12133.5 300 0.517094 2.73408 12644.5 13920 
9431.2 300 0.0171779 3.25159 10884.7 11879.8 300 1.25992 3.92664 12031.7 13908 
9499.99 300 4.39245 3.14759 9643.8 11300 300 3.2606 3.53217 11707.5 13259.5 
9620.83 300 2.84323 1.96335 10767.8 12568.8 300 3.68685 3.57479 12694.7 13860 
9654.13 300 1.03895 1.53798 12517.5 13059 300 4.15453 3.62883 13314.5 13809 
9655.37 300 3.7179 2.76931 10463.8 13267 300 1.57875 4.28099 12913.3 13881 
9822.42 300 1.46879 3.96662 10660 11622.4 300 0.860657 3.17721 11152.2 13127 
9934.98 300 2.02979 3.85804 11177.7 12774.4 300 1.83054 1.9041 11844 13527.6 
9936.27 300 2.82906 2.60519 11342.1 13547 300 2.80183 3.46942 13253.2 13950 
9966.56 300 4.00629 2.06021 12340.9 13212.1 300 3.34195 1.87246 12881.8 13923 
10004.4 300 1.92005 2.17823 11146.6 11804.4 300 2.16871 4.32927 12721.5 13880 
10025.5 300 3.77698 3.00033 11404.1 13301 300 3.54008 0.997988 12546.5 13842 
10223.4 300 0.114014 3.52403 12629.2 13539 300 1.90066 2.68477 13235.5 14075 
10229.9 300 0.525784 4.97396 10417.4 12657 300 4.85227 0.63503 12530.4 13692 
10239.6 300 1.01374 4.00403 12753.7 13377 300 2.56175 1.83832 13530 13996 
10350.9 300 0.526413 1.92948 11822.2 13552 300 1.37217 2.93657 13094.9 14009 
10364.9 300 0.932536 3.8384 11385.7 12164.9 300 1.09625 3.75544 13266.7 13915 
10397.9 300 2.15683 2.20353 11659.8 13262 300 3.99422 3.50652 12802.3 13832 
10663.4 300 2.92717 2.58842 11984.7 13468 300 3.52876 3.39434 12665.1 13888 
10730.4 300 0.922822 4.14581 11486.2 13310 300 1.30491 1.38906 12131.9 13943 
10781.9 300 1.60301 4.81189 11890.3 13353 300 0.571854 2.78097 12706.7 13926 
10781.7 300 1.18156 4.7531 11396.4 12798 300 4.96064 1.25655 12883.7 13715 
10788 300 0.104571 3.54743 11427.3 13228 300 2.47363 4.61947 12713.7 13840 
10848.9 300 3.848 3.84777 12411 13481 300 3.08124 4.0346 12896.8 13875 
10860.7 300 2.20667 2.45867 10900.9 12660.7 300 1.04806 3.29046 11903.4 13952 
10869.6 300 1.45378 4.08216 11169.7 12669.6 300 0.0111434 3.5225 13398.8 13832 
10877.2 300 0.819433 2.78202 11298.7 12677.2 300 0.806013 2.91927 11703.2 13117.3 
10930.1 300 2.68211 2.80195 10936.9 12730.1 300 0.295887 3.1874 12413.3 13880 
10930.5 300 2.33467 0.947291 12150.8 13119 300 4.1818 3.60851 13306.3 13807 
10948.9 300 2.95598 1.82581 11584.8 12748.9 300 3.77379 2.77312 12753.7 13885 
10954.8 300 2.37803 1.65099 11307.8 12754.8 300 3.62202 0.832384 12200 13821 
10977.5 300 3.95184 1.66318 11875 13183 300 0.659561 3.205 12632.5 13919 
11113.4 300 2.73079 2.83764 12409.5 13333 300 0.475933 2.191 13646.6 13914 
11124.6 300 0.548087 0.229524 13323.7 13380 300 2.50099 1.33915 13914.8 13949 
11180.1 300 2.47113 2.43661 11541 12980.1 300 1.26173 1.99703 12713.6 13993 
11374.7 300 1.17364 2.75983 12316.6 13174.7 300 1.33318 1.27091 12797 13933 
11443.3 300 1.379 4.4796 11572.6 13387.9 300 2.37934 2.63029 13036.9 14052 
11446.9 300 2.57272 1.5748 11550.3 13246.9 300 2.14302 3.02614 12791 14035 
11467.5 300 4.618 1.77362 12419.5 13382 300 2.35145 1.36505 13178 13958 
11595 300 0.269386 2.68484 12689.3 13447 300 1.48178 1.42041 13334.4 13957 
-2 300 1.83429 1.48009 12851.5 13149 300 3.64356 4.07238 13334.4 13957 
