-1 0 1.98396e-314 1.95286e-318 0 2.122e-314 -3.10089e+231 8.35536e-314 1.04774e-313 1.25993e-313 0 
10.3294 300 4.11852 4.66803 8136.1 20197.8 300 2.31666 1.86383 12150.6 26615 
151.113 300 1.55904 2.78434 14007.8 22276 300 4.63583 3.12924 16184.8 26375 
162.505 300 1.97586 4.42754 9415.01 12721.8 300 1.79538 2.90469 17584 26646 
188.59 300 2.3787 2.22781 4079.69 11761.4 300 0.691982 2.67271 18735.4 26542 
504.568 300 0.0157404 1.56379 24656.1 25765 300 0.555661 4.41485 25516.5 26413 
808.561 300 1.4309 2.0775 10526.8 26196 300 2.54124 2.42103 14853.3 24217.3 
855.522 300 3.1214 2.94972 1246.75 4160.81 300 4.13176 2.50588 10992.1 23299.6 
873.717 300 2.58762 4.04046 3326.44 18795.6 300 1.27789 3.09715 5393.35 25749 
906.272 300 3.17888 2.92658 9271.84 17561.6 300 1.55282 3.06268 25596.2 26614 
1269.6 300 4.42022 2.6905 6512.77 9109.35 300 0.0951625 3.88383 8278.16 20419.7 
1384.67 300 4.57735 2.06178 11978.3 25422 300 0.112982 4.75988 21819 26347 
1610.96 300 4.19537 3.12133 3452.65 9273.57 300 0.841966 4.03908 23696.1 26469 
1632.42 300 3.15739 3.79601 12429.4 25766 300 0.37605 4.33932 17501.1 26406 
1707.65 300 3.36206 2.41391 5851.35 12630.9 300 2.94396 2.12464 6610.95 26579 
1758.78 300 0.807366 2.68188 4371.86 11713.6 300 2.76087 2.54317 10714 20026.4 
1801.36 300 0.305256 1.38469 12984.7 25887 300 2.99326 3.03538 17843 26565 
2106.72 300 1.20797 2.30104 15655.7 25908 300 3.62957 2.75201 22210.8 26503 
2113.27 300 3.86094 3.66966 3105.87 14111.9 300 0.643824 2.91967 24369.6 26530 
2163.83 300 0.427045 2.51474 23599.8 25753 300 3.70622 1.50681 24333.8 26464 
2228.21 300 0.738854 3.4838 3741.8 14821.6 300 2.69541 4.51378 13379.8 22180.6 
2228.66 300 0.743991 3.4507 6884 21976.1 300 2.78561 0.835676 11218.8 20689.6 
2460.06 300 1.46405 1.88401 11558.3 18940 300 0.29483 3.20024 21955.1 26479 
2470.1 300 1.73446 4.65621 25111 26140 300 1.74096 4.123 25617.3 26503 
2483.78 300 1.65238 4.70298 13233.4 20361.4 300 3.83972 1.91968 16682.5 26469 
2489.74 300 1.9392 3.92374 2635.72 7478.73 300 4.54716 3.99917 6361.5 26346 
2501.4 300 2.60187 4.60606 15899.5 24207.9 300 4.41749 2.76534 22157.9 26409 
2622 300 4.46741 1.91943 3761.15 20912.7 300 3.43648 2.94103 13020.2 24647.8 
3069.39 300 3.08286 4.30991 7944.93 24509.8 300 0.854715 2.74603 9133.14 22280.1 
3136.28 300 3.40709 2.95946 4399.61 19035 300 3.98105 2.51709 11375.3 21179.1 
3188.93 300 2.41132 2.07104 8273.49 24835.9 300 0.764655 2.9377 17890 26543 
3259.95 300 0.617526 4.23135 10427.1 19042 300 1.23019 1.62062 21906.4 26560 
3358.43 300 4.00646 3.42287 11027.2 25935 300 4.3602 4.28141 18249 26346 
3601.89 300 0.218324 4.01372 10571 26031 300 2.44737 2.62942 13071.4 23354.4 
3984.64 300 3.57712 3.3273 10591.8 20710.7 300 2.41511 2.02027 17425.5 26624 
4074.05 300 2.14402 2.55346 14407.4 21255.4 300 4.21557 1.433 19171 26405 
4199.24 300 2.30892 0.940584 5458.35 9542.38 300 1.19884 0.324452 12295.4 26422 
4329.21 300 0.452973 3.55424 9154.74 24778.4 300 0.98059 2.65762 19534 26577 
4650.6 300 2.19096 1.67543 20740.6 26009 300 0.742199 2.94816 21753.9 26540 
4663.31 300 0.536507 2.90835 20593 25925 300 2.54769 1.25347 23701.8 26537 
4677.53 300 3.22864 1.16219 13624.6 26095 300 1.59731 1.81891 15571.2 26606 
4756.21 300 1.01289 2.228 10797.2 25135.5 300 2.75186 0.82865 15596.3 26481 
4765.86 300 1.33662 2.75949 8306.11 22857 300 0.691633 3.71815 10654.9 26486 
4844.38 300 1.37628 4.49562 13120 21994.7 300 4.89655 4.36311 17941.4 26287 
4923.16 300 3.33857 4.88972 8732.19 13165 300 1.72183 2.34356 22294.8 26662 
4945.12 300 0.54139 2.1407 10007.8 17929 300 3.55888 1.61633 15579.3 26485 
5359.74 300 0.660467 4.45218 8557.42 23887.5 300 2.23726 4.76278 16144.9 26427 
5385 300 2.33963 2.80563 13939.7 21460.4 300 3.74516 3.13285 17721.8 26478 
5491.95 300 3.98097 4.55706 10740.1 25984 300 3.49916 2.6441 13230.3 21058.6 
5508.79 300 2.01329 3.39361 8862.21 18803.9 300 1.9513 1.86426 14161.1 26624 
5880.29 300 1.5825 3.43856 9117.14 13223.9 300 0.911862 1.91978 13314.2 20856.5 
5953.53 300 3.47421 3.33793 11074.6 15274.4 300 0.536853 2.87865 19788.6 26519 
5977.25 300 3.26201 3.26611 13554.8 20796.1 300 3.27454 3.17108 16798.8 26528 
6021.32 300 1.66178 4.50518 21067.4 26034 300 1.39553 2.1587 23492.9 26617 
6029.75 300 3.30166 1.16503 13004.1 25877 300 4.22382 0.319198 16044 26327 
6042.37 300 3.20268 0.910699 15654.3 25592.9 300 3.08322 3.35103 21848.1 26535 
6114.07 300 2.02751 2.08971 6376.49 11335.1 300 1.91013 3.01033 14905.9 26522.8 
6192.8 300 0.498766 3.62576 8947.01 16292.4 300 0.985567 4.17069 15467.6 26466 
6275.65 300 3.96099 3.31525 12796 25830 300 1.38057 4.37249 25459.9 26464 
6278.09 300 3.62722 4.62727 11167.3 20632.8 300 1.38699 0.986882 18782.7 25195.1 
6341.54 300 1.25363 4.88581 8756.56 15740 300 1.1478 3.22073 9927.3 24399.3 
6445.05 300 0.815137 1.72237 8532.7 17539.8 300 3.19129 3.34105 17015.2 26526 
6479.17 300 1.21698 4.86541 8554.02 18305.1 300 3.92484 3.07252 9595.26 20130.7 
6509.88 300 2.39543 4.02868 11363.3 17371.6 300 2.63332 1.9667 12602 21419.3 
6535.64 300 0.569057 3.50254 12219.8 17922.9 300 0.0701865 3.22986 16392.6 24287.3 
6595.57 300 0.505021 2.15727 9440.58 15118.5 300 4.87878 1.76753 17779.1 26344 
6646.89 300 0.352953 3.85869 9694.01 15639.7 300 1.56948 4.99997 17516.2 26396 
6808.53 300 0.222141 3.40814 8507.56 12682.7 300 0.228181 2.51815 17384.3 26488 
6887.58 300 1.74599 3.46536 15336.3 25885 300 3.84771 3.66506 17463.8 26438 
6970.44 300 3.43844 3.00983 16260.4 26107 300 1.57678 2.30399 18555.8 26645 
7023.05 300 4.54072 1.50088 16071.4 25606 300 1.24234 4.5197 19969.8 26442 
7064.09 300 4.63303 2.65406 9861.65 13295.6 300 2.66417 1.27218 15414.3 26533 
7152.56 300 1.73354 2.9072 13971.3 16820.2 300 4.67934 3.94412 25505.2 26335 
7198.79 300 4.89899 2.12262 11113.8 23512.1 300 1.17836 1.4311 24301.8 26539 
7266.27 300 0.902934 4.93242 19688.8 25636 300 4.08253 4.91927 21833.1 26317 
7328.82 300 0.0937061 1.37977 22533.5 26102 300 1.02444 1.28737 23422 26514 
7403.89 300 1.00887 2.19556 24718.9 26184 300 1.39952 3.08111 25256.7 26600 
7408.14 300 1.10031 4.99304 16088.3 24054.4 300 0.698478 3.09599 21313.1 26529 
7539.06 300 4.86577 2.52844 22510.3 25666.3 300 2.16593 1.25941 24647.8 26550 
7647.56 300 3.64274 3.78027 10003.1 12822.1 300 1.25699 3.56268 13887.9 26545 
7658.93 300 2.91482 2.706 20405.2 25900 300 1.05876 4.095 22757.2 26478 
7715.22 300 1.36806 2.10036 14631.3 20754 300 3.48154 2.77166 20666.1 26520 
7826.67 300 1.48356 3.60016 16909 22514.8 300 4.45087 1.48638 19267.3 26382 
7842.65 300 4.45941 1.77099 16674.8 25721 300 0.508411 2.92308 20228.6 26514 
8150.11 300 2.52158 2.92676 11216.3 21609.4 300 1.09423 3.60666 13992.6 26529 
8264.53 300 0.567095 3.20144 15379.2 26088 300 0.035046 3.19 21530.7 26451 
8397.34 300 3.74608 3.5859 15340.3 26147 300 2.49069 2.56589 17786.5 26641 
8573.46 300 0.524556 2.46519 9303.42 23087 300 0.697565 1.7683 10927.9 17094.9 
8605.39 300 2.23845 4.50946 16913.4 26119 300 2.497 2.72757 21157.5 26635 
8606.49 300 1.06571 1.25189 14311.3 25438.9 300 1.91663 4.27293 16943 26488 
8683.89 300 2.17702 2.02754 11812.3 15969.5 300 3.23406 3.28684 12534.3 20799.4 
8703.14 300 0.479365 4.35407 22867.2 26081 300 1.3704 2.52285 24813.7 26625 
8849.56 300 1.55896 1.67796 21283.3 25238.5 300 0.390928 4.66598 22471 26377 
8905.12 300 0.959146 4.16226 13538.2 15489.2 300 3.82143 3.47404 25516.7 26453 
8999.54 300 0.298874 2.57731 15243.7 23399.1 300 3.72731 3.20192 18973.6 26477 
9109.6 300 3.95167 0.914762 16862.7 19174.1 300 2.7058 4.46544 21681.7 26450 
9161.53 300 0.948637 0.821395 14770.7 24214.7 300 1.66623 2.35365 15639.8 26657 
9311.19 300 1.42433 4.8316 16916.7 18855 300 2.2052 2.79785 21521 26657 
9334.43 300 3.77472 3.22188 19310.9 25059.6 300 3.74489 1.67026 22885.8 26469 
9458.05 300 1.00345 3.28815 11448.5 14421.1 300 3.34052 1.19839 13643.1 22199 
9616.19 300 3.9793 1.87949 17224.7 25856 300 0.756658 2.07809 20049.3 26543 
9643.07 300 3.94571 0.0630532 17322.9 25717.5 300 2.43581 3.936 21331.4 26520 
9732.94 300 1.24149 2.09418 11282.8 18749.6 300 1.30465 3.39539 13732.5 24196.3 
9735.34 300 1.95549 2.63879 16238.6 18432.1 300 1.44766 1.34199 23242.2 26547 
9744.7 300 1.37741 3.02634 17282.2 20184.2 300 0.314419 2.84172 23537 26494 
9881.44 300 2.73904 2.0582 16128.6 24847 300 2.59167 3.24915 20844.5 26586 
10061.9 300 2.02224 3.4197 10153.9 16174.2 300 2.67416 2.20952 15683.5 21911.8 
10118.2 300 0.66663 4.08543 10630.6 15326.4 300 3.23869 3.35524 16351.5 25577.7 
10136.9 300 0.686158 2.67518 14495.3 20478.1 300 0.420861 4.71071 16804.1 26374 
10140.4 300 0.00579443 3.45856 17640.5 23700.2 300 2.62066 3.72944 24386.9 26535 
10311.3 300 1.04647 1.81202 18064.6 22714.2 300 4.84235 4.39225 24716.6 26291 
10615.6 300 1.38498 1.42052 10672.2 21596.5 300 1.76288 4.44366 16461.1 23760.6 
10661.3 300 2.74188 1.70945 14918.9 22569.1 300 1.07322 2.76226 18780.3 26585 
10743.6 300 1.67493 0.85415 16774.3 19908.6 300 3.63608 1.6026 18633.6 26477 
10746.9 300 3.41794 2.54285 24215 26105 300 1.5178 2.77907 25396.9 26634 
10921.2 300 2.54731 2.72242 12226.4 23938.7 300 3.55108 3.31549 22865.2 26490 
10970.4 300 0.135198 1.59572 14643.1 16777.8 300 1.00927 1.38959 26483.7 26522 
10975.1 300 3.03237 2.31001 12972.6 25577.2 300 1.65893 3.36921 13490.5 23336.7 
10987.2 300 2.14845 3.06441 12669.7 17949.5 300 3.52053 3.31178 13472.2 26494 
11126.9 300 0.380285 2.65343 23450.1 25880 300 1.29226 4.59089 25538.9 26436 
11190.8 300 3.26584 0.651747 15840.8 19238.7 300 1.4716 2.92932 24069 26619 
11229 300 1.10003 1.77247 12843.2 17040.5 300 4.11641 3.59292 17210.2 24971 
11291.3 300 0.624016 4.45667 25221.1 25893 300 1.95862 1.50907 25931.6 26581 
11329.4 300 1.85365 3.98141 12940.3 23726.1 300 3.34157 0.204479 17413.2 26381 
11469.7 300 3.50704 1.22708 12458.2 14852 300 3.27212 3.58588 20905.2 26500 
11498.9 300 2.80722 3.4574 18594.1 22703.3 300 2.87643 3.36853 19910.3 25429.6 
11656.2 300 1.38643 3.10917 15172.7 26042 300 1.82417 1.34199 17792.9 26560 
11837.4 300 0.45036 3.66163 18035.6 22882.1 300 1.43794 2.66857 21853.2 26630 
11846.1 300 1.37173 2.40593 16162.7 20356.2 300 3.49486 3.44234 21002.1 26488 
11890.9 300 2.89642 4.99277 14327.7 23016.5 300 4.53639 1.64547 23675 26379 
11902.4 300 1.79846 1.576 21026.1 23369.7 300 2.60503 4.43466 22903.6 26457 
11908.5 300 0.352529 3.91942 13415.9 15535.7 300 0.556794 1.58479 14946.7 26495 
12438.4 300 0.848524 2.96437 12963.3 18173.5 300 4.77312 2.48185 23888.5 26368 
12755.7 300 0.350294 1.36449 13932.9 15496.9 300 1.15322 4.87012 15715.3 22363.9 
12757 300 0.531153 1.48663 21489.9 24493.3 300 3.70065 2.70999 23251.1 26495 
13238 300 4.94596 4.17549 14428.5 15851.8 300 3.64265 3.74036 15941.4 26453 
13440.9 300 2.93644 4.09873 14369.7 19520.7 300 2.67544 3.0888 16016.6 26593 
13747.9 300 3.66467 3.73113 17490.8 24344.3 300 0.367032 2.28804 21853.4 26503 
14286.9 300 0.942089 3.42395 17570.7 19838.7 300 2.37795 2.02252 19111.8 26627 
14407.7 300 1.33982 2.54178 15636.3 24028.1 300 3.30676 1.35469 17174.1 26492 
14690.8 300 2.81923 1.80329 19171.3 24425.4 300 2.76347 4.57387 23099.3 26435 
14719.8 300 2.50057 3.60449 17055.4 21761.6 300 3.56613 1.57941 18208 22462.1 
14749.5 300 3.68045 2.91072 14807.7 20024.8 300 2.00098 2.19601 18957.5 26664 
15166.1 300 2.30563 2.50525 20448.9 26245 300 1.53779 2.70742 22931.8 26640 
15186 300 1.78018 2.32491 15753.3 24958.9 300 0.201196 3.95789 24698.8 26423 
15328.9 300 2.34319 3.20574 19654.5 26018 300 3.72168 3.01097 21315.9 25448.7 
15498.5 300 1.9766 4.16815 19264.4 26027 300 1.71861 1.81335 20579.6 26372.9 
15592.9 300 1.76625 4.97081 20283.1 25711 300 4.44558 3.21945 23104.4 26395 
15639.2 300 0.394136 3.76028 16228.8 19836.7 300 3.77362 0.409356 21304.1 24898.8 
15793.7 300 2.80008 2.89726 18385.4 24173 300 3.62539 1.98352 20522.2 26429.7 
16121.4 300 0.263319 3.0709 20223.5 26021.3 300 1.33527 1.62133 22371.8 26568 
16162.1 300 0.366328 3.66414 17894.7 24353.2 300 2.91355 2.87503 20820.7 24177.4 
16267.3 300 3.50936 1.71008 17310.1 19863.3 300 0.0185592 3.53017 26039.7 26433 
16321 300 3.08579 0.633691 22438.6 25927 300 3.60418 2.87473 23575.7 26503 
16518 300 1.9902 1.97268 18280.4 21126.8 300 4.26261 3.67994 22204.7 26394 
16544.3 300 2.2457 2.56191 17437.8 23462.6 300 1.04218 4.58891 19980.3 25945.7 
16615.3 300 4.16176 3.40601 18823.4 21893.1 300 2.26733 2.56692 22099.5 26480.7 
16755.1 300 1.87541 0.869481 25415.1 26159 300 2.46793 1.31663 26139.8 26548 
16872.2 300 3.33963 0.139351 25562.5 25615 300 4.39309 3.80996 26332.1 26373 
16928.1 300 3.91029 0.35189 18924.6 24499.1 300 0.175497 2.92721 21168.6 26476 
17045.3 300 3.67156 3.54137 19087.4 24666.2 300 0.101302 2.31375 26322.3 26472 
17536.2 300 3.17137 3.15633 19154.7 22082 300 2.11608 3.63266 20502 25872.2 
17547.5 300 1.70025 4.36559 18967.9 25662.9 300 3.85693 3.35161 22334.8 26455 
17620.5 300 4.92323 1.42379 18506.6 22215.4 300 1.61732 2.71725 23361.9 26648 
17685.2 300 0.880804 3.07615 25423.5 26230 300 1.66653 2.35592 25976.3 26657 
17695.7 300 3.08063 2.56684 18605.4 21542.5 300 0.675069 2.80132 24657.3 26537 
17729.8 300 0.755698 2.11824 18109.1 21826.8 300 0.633831 1.3316 20447.7 24781 
17807.9 300 0.560059 3.4461 18984.4 20282.7 300 3.50339 2.139 25407.3 26515 
18017.7 300 3.29993 3.11162 20618.8 24839.7 300 0.4871 3.06119 21573 26507 
18029.7 300 0.769667 0.092528 20477.3 25381.5 300 2.38174 2.39433 25869 26653 
18236.7 300 1.5833 1.458 21559.7 25126.9 300 1.9855 4.66036 22549.9 26441 
18386.8 300 0.113441 0.184602 19307.7 22217.6 300 3.73054 3.48206 21973.9 26462 
18482.2 300 4.6918 0.945016 19875.5 23710 300 3.32018 1.29792 20729.7 23755.7 
18684.1 300 0.576259 2.59279 21241.6 23550.6 300 3.17682 1.19327 23667.8 26489 
18685.9 300 3.37783 0.0629665 18776 21534.8 300 3.57672 2.01745 21407.7 26503 
18689.7 300 0.737085 2.90185 21531.5 26041 300 2.77457 2.1802 25010.2 26600 
18807.7 300 2.2244 4.38553 19851.8 25911 300 2.36236 1.43383 20749.4 23524.6 
18983.5 300 2.82038 3.01993 21848.1 26081 300 1.63751 3.67463 22836 26553 
19016.4 300 0.00217074 2.51924 25271.4 25782 300 1.27866 4.8727 25977.4 26403 
19032.4 300 2.89128 2.85297 20156.2 23983 300 2.87808 1.34313 25541.5 26526 
19249 300 0.144461 2.93866 19847.9 23035.1 300 0.852104 0.485592 21168.7 23946.1 
19676.1 300 1.88898 1.66144 21083.7 23331 300 0.762318 2.59497 21752.9 24062.8 
19687.7 300 4.87239 3.56609 20356.4 24546.9 300 4.24256 1.99681 20918 26425 
19930.9 300 2.59415 3.56137 21354.3 24870.4 300 4.45756 2.29246 23939.9 26405 
20083.3 300 2.96455 1.79627 20823.3 23276.3 300 2.81732 0.348643 23728.4 26424 
20173.4 300 1.67034 1.77359 21975.6 25730.7 300 1.22323 3.25364 25977.8 26571 
20442.1 300 4.70922 0.184009 21395.4 23519.1 300 0.895859 1.83901 22916.5 26546 
20457.5 300 2.79305 0.968438 21794.4 23778.9 300 1.66602 1.57597 23923.2 26583 
20478.2 300 3.41463 0.454557 21034 25576 300 2.38989 4.83723 24188 26416 
20508.8 300 0.383239 3.23079 24715.8 25919 300 3.02235 3.41094 25919.2 26536 
20632 300 1.43106 2.29558 25880.2 26271 300 2.04469 2.79024 26276.2 26665 
20693.2 300 1.24961 3.45362 22419.1 26169 300 0.85296 2.83096 25052.8 26557 
20784.7 300 3.88691 0.972031 22461 24397.6 300 2.75066 1.05826 24081.5 26250.9 
20896.1 300 0.284949 3.18241 22974 25910.4 300 2.02942 2.04544 24205.6 26646 
20934.3 300 0.925458 4.15948 22194.7 25535.6 300 1.26774 3.35825 22879.6 26565 
21291.2 300 4.69316 1.48523 22627.8 24280.6 300 4.155 4.92979 23350.6 26311 
21363.2 300 4.09914 2.97325 21487.4 25890 300 3.74221 4.52433 22254.8 25552.5 
21962.7 300 3.55494 3.29514 22795 25687.1 300 3.31481 0.597787 25491.6 26423 
22902.3 300 2.02295 2.8204 24062.4 26102 300 3.12521 3.20068 24594.2 26541 
23574.5 300 0.231607 0.659937 24043.8 25374.5 300 3.21593 2.77014 25854.5 26551 
23692.9 300 0.088417 4.54494 25308.6 25654 300 3.86928 4.03081 26144.2 26411 
24128.6 300 1.1015 0.709482 25523.7 26057 300 0.702118 2.18374 26060.9 26540 
24332.7 300 1.31485 3.11 26022.6 26250 300 1.67614 2.31079 26509.6 26655 
-2 300 1.31485 3.11 26022.6 26250 300 1.67614 2.31079 26509.6 26655 
