-1 0 1.98396e-314 1.95286e-318 0 2.122e-314 -3.10089e+231 8.35536e-314 1.04774e-313 1.25993e-313 0 
183.909 300 0.0116516 3.36241 6477.48 16476.6 300 2.47465 3.90613 14982.6 26522 
206.391 300 0.880643 1.27207 10760.9 22735.7 300 3.26707 2.48202 14074.8 24822.9 
248.794 300 3.12833 1.61293 20233.7 26100 300 3.24135 2.83015 20850.7 26546 
335.563 300 2.27206 4.42093 2201.24 10790.5 300 3.38634 3.05977 8367.28 19946.7 
551.492 300 2.8012 0.00879578 15284.8 25742 300 0.930131 3.54156 16984.2 26521 
653.448 300 0.516803 3.74827 25388.9 26042 300 2.53287 2.36629 26097.8 26635 
658.537 300 1.75311 4.18568 3269.41 16793.9 300 0.636183 2.30294 5797.61 26535 
719.283 300 3.12405 0.366688 2705.64 13020.8 300 3.00594 1.90194 10041.8 26560 
734.825 300 1.72504 1.74906 13309.3 26070 300 0.817552 2.93613 17206.2 26549 
831.765 300 3.89672 3.28362 4907.85 10430.4 300 3.05217 2.75076 10826.8 26571 
858.913 300 1.0924 3.23882 15627 25312.9 300 3.11682 4.51369 16458 26424 
869.739 300 0.451505 3.62891 1018.97 4699.99 300 0.335031 2.97674 24073.8 26493 
899.069 300 1.54259 2.04267 8608.91 22931.4 300 3.81174 2.56621 10951 25727 
942.877 300 4.56209 2.93584 8710.94 25882 300 1.63204 1.50544 12740 24931.8 
957.961 300 2.70132 3.13251 3458.82 7907.8 300 3.4288 2.74707 25935.6 26527 
1000.34 300 2.28859 3.73906 13175.3 25854 300 0.751368 4.85028 24624.1 26381 
1189.77 300 1.89557 3.63261 14097.6 26182 300 2.62893 3.30075 19731.9 26578 
1221.82 300 2.57529 1.34159 2066.2 7293.06 300 2.99247 4.19572 11645.2 23139.8 
1361.34 300 2.44243 2.29646 7912.46 10890.9 300 1.38096 2.31064 17311.7 26623 
1388.19 300 1.65071 1.13682 12891.1 26030 300 1.72094 0.28213 23902.4 26432 
1641.98 300 3.5309 2.71694 6286.05 14082 300 2.56944 1.44387 9700.73 26557 
1645.47 300 2.0285 4.36095 4718 15911.7 300 3.67403 0.0741729 17514.7 26347 
1678.72 300 0.414733 2.37169 8827.55 25125.3 300 0.233608 3.47794 9850.64 20742.7 
1807.13 300 1.11176 4.73991 12339.9 24749.3 300 0.269461 3.26417 18618.4 26473 
1943.53 300 4.92775 4.43182 13217.8 25851.8 300 4.34135 2.63392 24365.6 26419 
2056.97 300 2.5703 1.52984 16647.6 25850 300 4.4377 2.61142 20264.4 26408 
2207.66 300 3.35935 3.3862 3593.54 8776.22 300 1.40268 1.45346 6408.04 15079.8 
2286.06 300 3.56125 0.286659 6285.8 19528.3 300 4.7404 1.77512 16744 26360 
2514.32 300 3.25042 3.49817 13549 23773.3 300 1.90452 1.95047 25241.9 26634 
2590.99 300 2.06476 1.76987 8230.65 21193.1 300 1.85034 4.78308 17791.6 25211.6 
2654.44 300 1.37205 3.56367 25432.4 25856 300 3.88232 3.17738 26070.7 26460 
2712.93 300 1.72363 2.25593 11315.7 26133 300 0.847465 2.81567 14534.1 25031.4 
2775.93 300 2.88917 0.946092 4845.98 16852.5 300 1.36093 3.44173 12309.2 26564 
2775.36 300 3.5187 2.47424 10537.9 23604.1 300 3.40163 1.46963 12903.7 26492 
2790.75 300 2.76548 2.21878 6602.44 11832.8 300 3.62082 3.6607 22590.2 26461 
2799.5 300 2.83956 2.91222 6405.28 24117 300 2.35459 4.9726 7449.39 26401 
2853.29 300 0.785929 4.54096 15570.2 26071 300 0.546789 3.73085 18293.9 26472 
3013.11 300 4.27681 0.718412 8154.02 13739.1 300 3.7462 3.11418 20295.3 26478 
3031.66 300 3.03035 3.07087 9971.25 15981.6 300 0.762102 2.37426 23376.5 26551 
3138.63 300 2.07002 4.60335 6287.6 23156.1 300 2.13559 3.96586 13484.2 25957.8 
3161.29 300 3.27005 3.14425 14248 17035.9 300 4.95571 3.89266 17416.2 26308 
3218.28 300 4.19276 4.93529 12231.4 25776 300 1.50483 4.97037 15050.9 24145.1 
3348.64 300 3.04524 3.20948 10928.1 22890.8 300 0.185002 4.25944 17575.3 26397 
3396.01 300 0.68909 4.60324 9835.1 20053.9 300 1.87806 2.11316 16185.5 26652 
3443.39 300 3.25147 2.49882 11798.6 24421.1 300 1.93956 1.41034 13942.3 26570 
3471.15 300 1.03553 4.94687 14058.5 19499.9 300 3.49367 1.10725 15768.5 26455 
3607.98 300 1.97828 3.62017 12610.8 18582.2 300 2.13725 3.93372 14778.1 26528 
3633.98 300 1.97966 1.79348 15564.8 25675 300 0.30285 4.64895 20545.4 26372 
3666.42 300 2.33418 0.584107 11378.1 19693.1 300 0.794765 2.22596 19067.3 26552 
3746.97 300 1.78649 2.75696 8559.87 24294.5 300 4.27849 4.32216 11973.6 26350 
3831.86 300 0.711969 4.37759 12878.1 17632.5 300 1.96877 4.37981 19278.4 26475 
3875.91 300 0.938979 2.56486 20876.8 26113 300 2.47042 3.11194 22977.1 26608 
3904.7 300 2.72285 3.49068 18238.5 25909 300 4.34671 2.93941 20471.7 26414 
4074.22 300 0.721294 3.48368 6269.81 10663.2 300 0.572965 3.49426 16431.6 26492 
4144.79 300 2.10375 1.33472 11934.4 15425.4 300 3.02084 2.83471 17683.9 26572 
4204.29 300 0.436869 3.24263 13642.3 26057 300 2.53941 2.31502 16017.8 26252 
4252.21 300 3.69836 3.96575 14948.1 25992 300 3.99345 2.58594 18481 26461 
4550.88 300 2.25413 3.99513 18389.2 26075 300 3.21619 3.69227 20700 26496 
4634.08 300 4.96999 1.3824 4680.2 14038.3 300 3.62308 4.23238 21545.6 26416 
4773.01 300 0.349483 3.09876 6174.98 18663 300 0.230429 3.98493 11339.1 18058.4 
4885.55 300 1.93557 0.632372 18668.6 25613 300 0.86247 4.63515 22192.1 26410 
4920.6 300 1.44842 4.95748 22564.6 25491 300 3.27374 0.27861 24608.1 26393 
4957.5 300 1.35029 1.37239 22995.3 26103 300 0.88956 2.65302 24652.2 26566 
4993.45 300 3.41496 1.85915 10820.9 21442.1 300 0.229623 0.75616 16078.7 23024.8 
5005.2 300 3.02682 0.13408 8916.97 25516.3 300 4.77026 2.90219 16876.8 26365 
5104.07 300 0.868653 2.61126 14236.1 26036 300 2.2102 1.32975 19236.7 26558 
5254.08 300 1.37133 2.83906 5648.3 13875.2 300 2.58818 3.79163 8751.32 26530 
5267.85 300 1.12481 3.54477 8373.16 15324.1 300 1.84154 3.82371 14385.6 23468.1 
5322.79 300 1.25996 4.60461 11931.1 20615.6 300 2.0543 2.44588 16503.4 25304.6 
5866.07 300 3.06224 4.65948 11689.8 17704.4 300 0.0781182 2.91829 15133.5 26464 
5908.54 300 0.886345 3.2207 7786.34 23388.3 300 3.78455 3.9791 17749.9 26422 
6098.76 300 1.60202 4.21254 7707.39 10676.3 300 2.9626 2.31975 24592.6 26583 
6101.13 300 3.32668 3.83859 19582.6 25912 300 1.59878 4.63284 24260.5 26440 
6123.89 300 0.143626 2.82383 11633.3 21791.2 300 0.341303 3.00155 16374.5 26493 
6249.09 300 1.49648 0.289554 16948.3 22538 300 2.01696 2.81604 20243.2 26663 
6306.46 300 1.06753 4.96047 15302.5 22833.4 300 3.97147 0.441411 21285.7 26358 
6448.31 300 3.83344 2.77417 20098.4 25575.4 300 2.42239 3.40692 23203.6 26580 
6590.86 300 0.168467 3.09637 14884.7 25687 300 3.86775 3.6633 20106.2 26436 
6692.17 300 3.60834 3.23904 11986.8 14129.2 300 2.25027 3.78993 12477.8 26543 
6815.34 300 4.29784 2.57062 8672.26 22860.2 300 3.99467 3.29728 23866.6 26443 
6858.42 300 4.94347 3.45582 22861.2 25964 300 1.74018 2.7577 23644.5 26657 
6878.16 300 3.89464 3.22911 8864.31 17509.4 300 1.67632 3.58171 13432.8 23591.4 
6943.58 300 4.33157 4.41344 13738.4 25940 300 4.07142 2.66986 14779.4 21067 
6953.39 300 0.496183 3.56638 7901.81 20681.7 300 1.04499 3.69456 10206.1 26517 
7060.67 300 2.07054 0.606182 8679.56 15646.3 300 3.82893 2.95109 14095.6 26474 
7068.62 300 0.600345 3.72757 15920.2 25522.1 300 2.02499 4.97329 21917.6 26404 
7071.1 300 4.01829 1.92648 10461.4 16782.8 300 0.831756 4.36109 15689.4 24276.2 
7090.76 300 3.35749 1.3934 22197.6 25790 300 0.335833 1.26654 24333.8 26452 
7131.25 300 0.821509 1.58663 8791.39 16643.6 300 3.05875 4.04958 16079.2 23792.2 
7202.71 300 3.21517 1.91959 24792 25790 300 1.52239 0.0091776 25627.6 26396 
7285.15 300 2.49174 1.20885 10394.8 22853.3 300 1.26778 2.54762 11629.1 18283.6 
7335.11 300 0.805717 3.51391 8303.06 16965.6 300 0.0398254 4.56124 16948.7 26359 
7507.85 300 2.02458 0.292158 9627.03 12198.7 300 1.4727 4.56439 15093.4 26445 
7547.98 300 1.90209 0.42899 10273.4 17595.2 300 3.13483 2.51934 15645.5 25806.6 
7583.93 300 3.3023 1.53614 12733.4 23246.4 300 2.12416 3.1134 18603.5 26578.9 
7605.3 300 3.12376 1.49791 17064.2 24228.7 300 3.35205 2.21306 20326.6 26535 
7626.82 300 1.13873 2.13612 8270.04 18176.4 300 4.15201 0.847732 9445.26 25550.7 
7635.84 300 2.5665 3.67893 20021.2 25932 300 1.37143 1.36145 23243.7 26544 
7714.1 300 1.35465 3.18905 14305.4 19087.4 300 0.845859 2.26608 16372.9 22319.5 
7784.07 300 1.57995 3.21895 22310.5 25875 300 3.94689 2.93239 24317.4 26461 
8035.84 300 0.784172 4.47948 13780.8 25291.5 300 3.35978 3.66464 16044.3 26486 
8112.28 300 2.30662 0.295542 10365.9 19332.6 300 0.604105 4.34753 25257.1 26423 
8154.39 300 1.16213 3.35822 11743.3 25250.7 300 3.77384 0.698114 18558.6 26397 
8284.42 300 2.21863 2.41101 8966.1 21569.5 300 3.5827 2.78475 18922 26508 
8446.87 300 3.72094 3.70131 17226.3 26147 300 3.58167 3.67281 19449.2 26464 
8477.06 300 3.99298 3.4585 9719.06 13532.5 300 4.12855 4.47936 15147.9 25463.9 
8590.55 300 2.80567 1.43224 24234.2 25854 300 4.0142 3.43683 25323.8 26434 
8672.21 300 1.51438 2.10877 14917.6 24914.9 300 3.49214 1.77201 25033.1 26501 
8707.9 300 2.90785 3.629 16847.2 26078 300 3.17691 4.19567 18104.2 26363.7 
8728.43 300 1.30593 3.66337 16424 20936.1 300 4.94058 3.53085 19438.4 26327 
8808.81 300 3.71474 1.637 13656.4 20585.5 300 2.85485 2.84404 17566 24829.5 
8820.68 300 4.09063 3.62677 22134.9 25630 300 2.29858 0.0746311 23491.1 26407 
8986.17 300 2.29909 2.74796 22064.3 25253.8 300 1.41651 2.69755 23872.4 26627 
9090.59 300 2.67063 1.52094 10605.7 19094.7 300 3.28912 2.98281 16562.6 26535 
9159.38 300 1.64632 1.88038 15553.3 20556 300 1.27648 4.52648 18730.7 26442 
9474.96 300 0.673004 1.73284 17505.4 24349.9 300 2.52049 3.71406 23068 26542 
9588.02 300 4.77827 0.74185 13529.3 23831.7 300 1.2177 4.26045 21196.5 26469 
9623.31 300 1.60804 4.62139 23374.6 25899 300 2.87266 2.71188 25624.8 26593 
9636.5 300 1.71593 4.59517 10762.8 22333.5 300 3.74622 2.71191 12266.1 18262.9 
9699.06 300 3.88632 2.03924 10214.1 19689 300 0.265383 3.6 16832.9 26454 
9736.49 300 2.09223 3.47497 12585.6 15675.4 300 1.88464 2.37032 14236.3 26680 
9749.74 300 0.0682414 3.38587 22245.8 25809 300 2.07056 4.91244 23897.1 26411 
9772.2 300 2.03047 4.61811 13141.9 20521.5 300 0.0929938 1.68085 19381.8 26451 
9911.96 300 1.41118 4.61877 17631.6 25632 300 4.47401 2.18731 18411.5 26401 
10054.2 300 1.82706 3.26922 24826.5 26190 300 2.63507 3.19568 25496.2 26587 
10169 300 1.32924 4.96504 15891.9 23927 300 1.84374 4.4857 23001.3 26461 
10169.1 300 3.38799 4.4417 16060 25964 300 1.84221 1.87168 19676.6 26623 
10352.8 300 0.392347 3.45574 15306 26082 300 2.05283 2.03169 19088.7 26644 
10362.8 300 0.368605 1.99783 13557 22880.7 300 2.63133 3.03417 18775.8 26601 
10493 300 1.02928 1.6234 11420.2 16152.2 300 2.90104 1.31649 13280.6 23799.4 
10561.8 300 1.64341 3.52922 16849.7 26040 300 2.93571 2.0465 20363.6 26576 
10562.8 300 0.835683 2.05994 12372.9 16447.5 300 1.42926 4.15314 14673.1 21752 
10604.4 300 3.40768 3.11823 15797.6 21004 300 0.640933 2.21179 19700.3 26534 
10609.5 300 2.85545 3.16924 13665.4 25221.1 300 1.40846 3.22362 15141.7 26588 
10629.4 300 0.691248 2.04197 13957.8 20473.4 300 3.27931 2.41723 17966.9 24306.8 
10725.9 300 3.0438 2.65854 19152.1 25993 300 1.47897 1.28975 22864.8 26542 
10746.3 300 2.88714 1.54577 14172.6 23441.6 300 2.32842 1.19695 24163 26539 
10851.2 300 3.3335 3.10403 15478.2 24820.3 300 2.91762 4.66461 17840.1 26418 
10861.8 300 1.58841 1.54073 22229.5 25998 300 2.04555 0.385404 26112.5 26447 
10891.3 300 0.923045 3.58377 15624.1 17313.3 300 2.40864 1.85369 20699.6 26132.3 
10895.6 300 2.34368 2.22943 18316.7 26070 300 2.52438 1.03494 19855.4 25697.4 
10967.8 300 1.05612 2.77037 19453.7 24303.7 300 2.30822 3.0008 20217 26450.7 
11021.8 300 4.12939 4.74134 12222.9 20797.9 300 0.113505 4.29568 13918.1 22156.2 
11043.5 300 0.245215 4.29513 23258.4 26051 300 2.02974 3.4341 24391.4 26588 
11052.3 300 2.37172 0.679246 16806.3 25989 300 3.6315 1.66994 19890.3 25230.4 
11169.4 300 1.54658 3.12574 14446.1 22980.2 300 3.37596 1.28317 17729.2 26480 
11188.5 300 3.19573 3.22689 17265.2 25545.5 300 0.450437 2.59133 18012.6 26514 
11273.2 300 3.6672 3.66226 15021.5 26127 300 2.93055 2.53039 26489.5 26589 
11280.5 300 1.42959 4.01418 19932.2 25910 300 3.60935 3.29996 21567.4 26485 
11280.4 300 1.78432 2.35936 13762 19818 300 1.25323 2.85338 17828.1 25301.8 
11339 300 3.42841 1.1459 21791.4 23728.5 300 3.63128 0.99101 22244 26434 
11344.4 300 3.50022 3.43996 20316 25908 300 3.34343 4.84155 20813.7 26377 
11473.5 300 0.420611 4.34717 13539.6 24845.6 300 1.73086 2.60552 17001.6 26666 
11565.9 300 0.216541 4.40167 14111.9 26088 300 1.12414 3.56873 20326 25453.6 
11607.6 300 0.218907 1.85822 14286.9 24260 300 2.05284 3.77871 19247.2 26547 
11703.9 300 1.87761 2.78864 22065.3 26047 300 3.0132 1.63533 23956.8 26541 
11732.2 300 3.41189 2.50219 15473.8 24620.5 300 3.52292 1.25589 18532.9 26465 
11821.2 300 3.84664 3.45045 22481.2 25843 300 1.68867 4.65308 23422.2 26439 
11831.1 300 2.67892 4.47656 25441.2 26000 300 2.72822 2.01408 26053 26595 
11853.1 300 3.0959 3.7328 12588.8 19601.6 300 2.10011 2.4727 24256 26688 
11931.3 300 2.50331 1.66574 25273.7 25688 300 0.992344 4.77649 26072.2 26402 
12146.6 300 3.36346 3.17853 15563.8 26180 300 3.43924 2.82699 16938.8 22490.3 
12355.4 300 1.63433 2.30647 18868.7 25884 300 2.14198 0.282962 19957.4 26082.8 
13736.1 300 1.28554 2.62126 17314.6 25038.1 300 2.29626 2.20644 22177.4 26650 
13747.7 300 2.09013 1.74406 16386.5 19852.4 300 2.52639 1.4783 18936.9 26037.4 
14343.1 300 1.24235 3.83993 15323 21772.4 300 2.3601 2.1161 22255.8 26637 
15048.9 300 1.5385 2.21367 16170 21399.2 300 0.878088 2.31846 18400.5 26224 
15210.7 300 3.90563 1.09511 16379.6 21105.9 300 3.65867 1.74347 16806.8 25082.8 
15218.1 300 3.43425 3.00244 22778.1 25857 300 0.491141 3.00613 25554.7 26510 
15373.1 300 2.60414 3.17349 16575.5 23200.3 300 3.60347 2.94268 21086.2 26501 
15476.8 300 1.56191 3.12963 22824.3 25952 300 3.42482 3.61488 24817.1 26483 
15559.4 300 3.60028 3.7013 20528.6 26049 300 2.98324 1.98714 22683.7 26567 
15655.3 300 2.86239 2.03277 17766.1 19974.1 300 0.169019 2.42165 20038.8 26481 
15689.5 300 1.43872 3.94724 18340 23393.4 300 1.27217 2.30609 22502.6 26610 
15876.2 300 0.749151 0.735772 17140.6 20130.7 300 4.66517 1.39208 19106.6 25997 
15956.8 300 0.0102539 3.39137 18612.9 20677.7 300 3.32206 2.83683 19656.7 26537 
16362.7 300 3.03626 2.94084 20256.3 22258.1 300 2.36839 2.6918 20714.8 26651 
16508.4 300 3.95158 2.27716 18349.5 20445.8 300 3.69611 2.51816 18868.9 26497 
16580.2 300 3.32675 1.29611 17422.4 20069.3 300 1.83862 4.92152 25996 26409 
16809.3 300 4.07315 0.307835 24733.7 25737 300 3.02697 3.93223 25615.8 26489 
16850.7 300 1.99295 2.31528 17042 19829.9 300 1.70777 1.62604 20470.6 25223.5 
16885.7 300 3.2849 1.08058 20274.8 25760 300 2.15664 4.36056 22287.9 25955.5 
16890.3 300 1.28242 1.52072 23252.2 25969 300 3.3373 1.76134 24273.3 26517 
16975.8 300 0.951595 2.69319 20985.2 22948.4 300 0.58328 4.62974 25989.1 26394 
17002 300 3.12659 3.02316 17383.8 23680.3 300 0.954086 2.24414 19619.9 24407.9 
17231.7 300 2.15337 3.72558 19378.7 21841.9 300 2.95768 2.9508 22268.6 26573 
17245.3 300 0.103677 3.74477 18551.9 22727.5 300 1.82331 1.59679 21471.9 24448.5 
17465.9 300 0.164539 2.49033 19774.7 22254.9 300 2.79144 2.94682 21056.9 26591 
17626 300 0.509722 3.66981 19757.5 24110.5 300 1.35885 2.80184 22040.9 26264.2 
17626 300 4.04185 3.74553 20772.6 25981 300 3.52032 1.94092 22357.8 26506 
17678.9 300 1.28004 1.29035 17797.3 24614.4 300 1.49337 3.99222 19103.9 23659.1 
17720.3 300 0.461816 2.14546 18490.7 19979.7 300 0.829226 0.402641 22322 26412 
17761.6 300 2.34344 2.87882 18953.3 24214.8 300 3.12551 2.21797 20762.1 26561 
18365.6 300 0.531534 4.30927 21253.6 23333.3 300 3.01896 0.440677 23496.7 26425 
18402.9 300 0.0103078 3.15285 18593.8 24602.2 300 0.757326 1.75185 25128.2 26526 
18634.6 300 1.86704 4.36988 21798.9 24407.3 300 0.868124 2.31383 24851.5 26563 
18684 300 2.92742 2.86833 22273.4 24635.5 300 2.2433 1.84652 23525.8 26617 
18842.4 300 1.67242 2.26802 19028.4 22413.5 300 1.2135 3.06693 19915.3 26239.8 
18929.5 300 1.57285 2.53977 19821.7 25044 300 0.839851 1.59251 20298.3 25119.3 
18968.9 300 0.228877 3.16621 25277.6 25755 300 3.49678 3.88169 26428.8 26456 
18994.5 300 1.91675 4.90222 24107.7 25820 300 3.9009 4.6017 25023.5 26360 
19279.7 300 1.21905 2.27009 21305.8 25492.4 300 2.07101 2.01339 23705.2 26641 
19293.3 300 0.80221 3.66985 22057 25747 300 3.77679 1.76766 23996.8 26470 
19467.7 300 0.754503 3.27812 22610.8 24358.6 300 2.75235 2.67716 24220.5 26608 
19664.7 300 0.477569 3.66307 21484.2 24004.6 300 3.88917 2.31345 23314.9 26473 
19937.2 300 0.164885 0.0344182 21054.5 25800 300 3.17726 2.39444 22370.1 26559 
20332.1 300 0.0694903 1.86095 22867.7 25695 300 3.95821 2.147 25789.1 26462 
20838.5 300 3.3517 2.63141 22984.5 25771 300 0.0771099 2.89159 24709.4 26465 
20871.5 300 3.26651 0.930617 21014 22671.5 300 3.81742 0.615125 25610.6 26386 
20985.9 300 0.347468 0.403535 21723.3 22785.9 300 4.81446 3.3438 24365.1 26348 
22132.1 300 0.63942 2.21214 23421.2 26090 300 1.84129 1.37945 25180 26565 
22257.2 300 1.63775 1.2536 23194 25954 300 2.78057 3.46525 24395.9 26552 
23916.7 300 2.92181 4.50184 25163.1 25716.7 300 3.11477 2.56876 25958.8 26566 
24153.6 300 2.53283 2.68446 24736 25953.6 300 1.5645 3.2377 25238.4 26598 
24214.6 300 3.40872 2.85906 24450.5 26014.6 300 3.21711 2.06765 25622.3 26546 
-2 300 4.44316 3.10742 25249 26037 300 2.72442 3.53226 25622.3 26546 
