-1 0 1.98396e-314 1.9478e-318 0 2.122e-314 -3.10037e+231 8.35536e-314 1.04774e-313 1.25993e-313 0 
11.0397 300 2.5165 1.46413 4367.15 9224.38 300 3.4974 3.34556 7565.72 13894 
130.887 300 4.3677 4.3303 12179.1 13134 300 3.48597 1.00219 12995.5 13847 
301.984 300 4.45859 1.41481 6492.41 13017 300 2.42312 4.93448 10339.4 13804 
419.101 300 3.08576 2.4693 7779.21 13205 300 0.432627 3.76127 9865.14 13859 
450.028 300 2.23933 4.61559 4694.57 9216.44 300 2.79296 2.18105 8537.54 13998 
636.273 300 4.93064 4.40355 4973.68 13095 300 4.0457 1.10914 12482 13804 
979.459 300 4.7143 3.53146 4292.41 6168.58 300 0.398341 2.70122 7590.68 12412.1 
1108.19 300 3.98831 2.86332 4260.4 9759.97 300 2.70337 3.18133 10925.3 13983 
1152.32 300 1.01332 2.71031 6750.16 12038.2 300 0.990757 4.34707 7616.54 12915.7 
1165.47 300 2.52615 2.29748 6499.16 10227.8 300 0.520471 3.70909 8682.83 13871 
1239.22 300 1.20319 1.38022 2075.3 6385.86 300 2.72403 1.5183 4279.86 13954 
1843.99 300 1.92276 4.23079 4412.12 13295 300 3.58317 4.47806 8871.3 13796 
1862.67 300 3.45689 1.91943 5536.08 7800.06 300 2.98338 3.24148 8708.52 13953 
2557.06 300 3.55357 3.52043 4387.29 9959.51 300 3.3566 2.57102 7762.38 13937 
2615.74 300 1.49197 2.04178 4981.82 11927.8 300 4.01021 3.67741 11556.7 13821 
2633.39 300 3.47062 0.493812 3263.74 10463.8 300 0.132256 4.72305 5489.5 11326.8 
2692.64 300 2.34078 1.67531 8315.21 13419 300 3.30687 3.12164 10141.6 13927 
2950.93 300 3.4334 2.03871 5035.02 7228.07 300 1.71464 3.01975 13134.6 14029 
3252.7 300 3.6637 3.38995 6080.35 13558 300 2.75397 3.32139 9808.96 13967 
3336.81 300 1.2003 3.4907 7940.46 13370 300 2.88187 1.73682 11012.5 13961 
3518.29 300 2.9963 3.95974 11990.6 13007 300 0.114502 0.945519 13384.5 13807 
3521.82 300 0.583745 4.3579 5092.4 11207.9 300 0.264055 4.13327 13335.5 13814 
3644.9 300 1.51725 4.06487 7041.84 13384 300 1.04105 1.81842 9974.19 13959 
3721.24 300 3.77226 2.7732 6471.52 11982.2 300 3.53613 3.65646 9243.08 12700.2 
3755.71 300 1.59398 1.56405 6848.77 12103.6 300 1.30386 2.74932 8095.39 14012 
3862.22 300 1.81418 2.87979 5835.3 11307.3 300 0.628016 3.06285 7428.08 12036.4 
3968.23 300 4.40024 1.1985 12513.4 13365 300 2.69138 3.21099 13463.2 13981 
3974.38 300 3.64719 4.86839 5219.22 9965.56 300 1.15461 1.27078 11353.8 13921 
3987.54 300 0.339166 3.81162 4071.69 10057.6 300 1.74164 4.94984 8050.51 13805 
4208.07 300 2.91422 2.79328 7556.99 12667.4 300 1.49211 0.153254 11754.6 13812 
4212.46 300 3.42157 2.78063 5989.71 12148.7 300 0.581885 1.07543 8773.81 12945.3 
4249.23 300 2.75858 3.18407 12180 13387 300 3.12078 1.36681 12765.9 13909 
4276.87 300 3.35468 3.41963 6135.34 10030 300 1.84004 2.40483 9827.13 14078 
4348.46 300 3.74377 3.1347 8842.59 13134 300 0.140521 3.10049 11013.1 13866 
4378.32 300 4.58101 2.64279 6222.62 11692.4 300 0.193084 4.08062 7219.93 13070.4 
4417.17 300 4.47006 3.35459 6516.42 12708.3 300 2.51123 1.73181 7433.08 13990 
4487.47 300 3.94308 2.80295 7406.47 13403 300 1.42912 2.08594 12427.2 14016 
4585.99 300 1.44614 2.33169 6436.72 10001.4 300 0.0052954 1.75471 7955.1 11739.8 
4687.31 300 0.591972 0.428045 11384 13157 300 3.76721 1.71382 12570.8 13868 
4744.7 300 0.710477 3.7645 7169.12 9164.42 300 1.70533 2.59852 7901.62 14063 
4785.55 300 3.49718 2.70858 6575.36 9424.81 300 2.55507 2.68341 8520.63 14030 
4789.75 300 2.33511 1.21652 5413.2 11877.6 300 3.48653 1.74351 5930.12 13292.2 
4789.16 300 3.72588 0.0581108 7975.99 12409.9 300 2.66368 0.517799 9082.85 13850 
4893.73 300 1.64495 3.75275 4940.58 6693.73 300 3.6287 1.3898 8349.17 13864 
5092.25 300 0.0501555 4.32218 6468.37 12701.6 300 4.84241 2.37126 7806.59 10688.3 
5121.6 300 1.96704 3.4493 8393.78 10204.9 300 3.07817 4.31248 10937.9 13847 
5154.92 300 2.40465 1.44376 8530.12 13266 300 0.77036 3.67101 9928.49 13897 
5162.58 300 3.31705 3.0862 8135.02 9670.12 300 1.98031 4.14872 10364.2 13903 
5169.9 300 0.981578 4.35644 12595.1 13354 300 2.43134 1.82543 13265.9 14004 
5388.23 300 1.32197 3.22246 10541.9 13261 300 3.72014 1.97813 13581.2 13885 
5404.89 300 0.0270442 4.19445 6660.66 10493.1 300 1.00179 2.16817 8832.8 12499.1 
5489.71 300 1.16683 2.16678 8138.07 12620.5 300 3.61433 3.31574 10732.2 13883 
5592.11 300 4.63892 1.38701 7726.52 13079 300 2.53368 4.60315 11094.7 13840 
5622.7 300 3.59651 0.895404 8517.2 13330 300 3.60312 3.11008 9817.6 13895 
5662.61 300 0.491902 3.39769 10964.6 13497 300 1.05729 2.02719 11625.1 13974 
5671.83 300 2.26797 4.67895 6194.8 12331.2 300 3.28797 2.59498 10412.2 13204.7 
5894.09 300 1.59585 2.13762 8931.63 11592 300 0.151838 2.12479 10663 13874 
5978 300 1.65919 4.97807 8610.52 9499.6 300 1.67653 2.51079 9235.21 14062 
6061.5 300 4.07771 4.90833 7859.14 11917.4 300 3.72194 1.35842 10412 13212.5 
6118.63 300 0.534427 2.99364 8531.48 13525 300 2.24511 3.03667 9675.71 13464.6 
6359.43 300 0.949467 2.28156 13020.8 13172 300 3.47489 0.74979 13733.2 13826 
6678.51 300 3.91519 3.56719 7568.33 9952.04 300 3.5538 3.00865 12036.6 13904 
6891.73 300 3.80922 2.59121 9819.73 13085 300 1.02818 4.74849 11340.6 13807 
7044.66 300 2.29754 0.729056 8145.99 9235.45 300 1.12189 2.4975 9955.03 12662.6 
7146.34 300 0.0971937 3.63047 8900.18 11083.8 300 4.04461 2.81713 11618 13852 
7226.82 300 4.56613 1.71289 7990.24 11956.1 300 2.4878 3.9743 9994.44 13914 
7440.22 300 2.44209 2.50168 9877.06 10610.4 300 0.479389 4.34989 11707.5 13813 
7916.15 300 0.284266 3.80952 12683.4 12898 300 3.89921 0.599843 13601.9 13778 
7947.6 300 0.588019 3.21205 10346.4 13406 300 2.53139 3.68185 13917.3 13945 
8114.5 300 4.93139 3.35356 10650.3 13293 300 2.46964 4.09346 11552.4 13901 
8284.46 300 1.47566 3.1708 8923.1 13661 300 2.07393 3.04655 11788.1 14034 
8311.25 300 1.81117 1.46722 11577.8 13583 300 2.55357 2.49008 12917.6 14034 
8432.39 300 2.56862 1.80856 9154.9 11034.8 300 3.56781 3.67853 10200.6 12147.7 
8488.39 300 2.18461 3.71905 9110.66 11189 300 2.65459 4.47877 13826.3 13850 
8570.48 300 1.9601 0.764418 11061.9 12882 300 2.3933 4.95988 12178.3 13802 
8648.26 300 4.93306 1.86242 11733.4 12784 300 0.0762299 4.64487 13498 13755 
8766.27 300 1.01448 3.30838 11150.5 13537 300 1.58577 1.92562 11870.6 14016 
8841.87 300 0.67214 2.67631 10246.3 11815.5 300 3.91061 0.134396 11204.8 13736 
8844.1 300 4.35278 0.779961 9846.15 10658.7 300 2.13732 3.62911 11038.5 13964 
8963.54 300 1.54078 4.52634 11971.1 13445 300 2.35159 2.17563 12871.3 14043 
8975.12 300 1.28217 4.95128 9984.09 12694.5 300 2.72201 1.52349 12249.1 13955 
9027.49 300 2.75293 0.289133 9915.92 12320.4 300 1.38421 3.76584 12034.3 13932 
9060.9 300 0.733529 3.55434 9345.41 13540.5 300 1.50482 2.23866 10415.9 14033 
9099.33 300 0.352386 3.20947 9949.45 12034.1 300 4.11519 2.19004 12094.1 13844 
9307 300 4.63118 2.23556 10138.3 13291 300 3.35417 0.701858 12199.3 13830 
9329.13 300 4.04181 3.34312 9557.25 13398 300 3.6579 2.67101 12932.6 13900 
9515.69 300 3.10171 3.46379 9827.98 13400 300 1.25534 3.77256 13066.6 13924 
9583.11 300 3.94521 2.92259 12124.5 13308 300 1.02096 3.15039 13241.1 13959 
9698.28 300 4.63163 3.4987 9751.56 11498.3 300 4.90993 2.89195 10612.5 13748 
9797.63 300 2.6864 3.08102 12379.2 13464 300 1.01387 2.38871 13555.2 13981 
9848.02 300 3.14504 2.16482 10066.9 11648 300 4.44412 1.51349 10918.5 13784 
9886.49 300 2.18639 4.81837 12606.6 12943 300 0.277506 0.630644 13481.7 13795 
10076.8 300 2.54072 3.39369 13208.7 13623 300 2.86032 3.23607 13570.4 13965 
10215.2 300 2.29601 3.76248 11500.1 13322 300 0.281462 3.42034 12825.3 13867 
10226 300 1.90949 3.40226 11075.6 12026 300 2.61192 1.7393 12169.8 13632.5 
10255 300 1.46794 2.03101 11436.6 13313 300 3.47417 1.27171 12746.6 13870 
10278.7 300 3.96487 2.7306 10869.3 13131.4 300 1.20239 3.20349 12695.6 13973 
10329.2 300 0.548612 4.76336 11613.5 13135 300 3.80494 3.4516 12824.7 13856 
10414 300 3.03833 0.64463 10465.6 12356 300 1.48498 2.82373 12035.2 14028 
10674.8 300 1.83552 1.20882 11586.5 12899.4 300 3.99717 3.48784 12472.2 13833 
10682.5 300 3.8003 2.37254 12419.7 13562 300 2.83055 2.85943 13107.4 13992 
10694.6 300 3.43275 2.60779 11521.4 13575 300 3.28772 3.06393 12227.7 13932 
10745.5 300 0.014631 2.63199 10856.1 12545.5 300 1.23377 3.39223 11974.7 13959 
10884.2 300 3.76494 3.21128 11484.5 12684.2 300 0.76532 1.44232 13346 13905 
10942.3 300 3.57055 2.91479 11936.5 12742.3 300 0.924056 2.58644 12975.8 13971 
11014 300 0.730374 3.43414 11080 12814 300 4.95813 1.10509 12282.4 13708 
11112.4 300 2.57737 1.48777 11744.8 13091.4 300 4.05089 3.55636 12936.5 13824 
11117.9 300 3.22435 2.48332 11264.8 13038 300 0.312629 3.7677 12332.4 13847 
11201.2 300 2.87439 2.28205 11475 13001.2 300 0.423837 0.614077 12728.2 13806 
11501.3 300 2.1783 2.43624 12286.7 13561 300 3.02172 2.82325 12929.8 13972 
11711.9 300 0.245182 2.88953 12262.3 13573 300 0.610032 3.06186 13639.2 13921 
-2 300 0.245182 2.88953 12262.3 13573 300 0.610032 3.06186 13639.2 13921 
