-1 0 1.98396e-314 1.95286e-318 0 2.122e-314 -3.10089e+231 8.35536e-314 1.04774e-313 1.25993e-313 0 
35.9404 300 1.42789 3.39299 1449.74 9681.93 300 1.65628 4.15851 22122.6 26497 
196.949 300 1.72302 4.40779 2677.84 12143.9 300 2.71639 2.94114 10111.6 26600 
363.002 300 1.739 3.06661 2757.78 15278.3 300 0.341322 1.79451 14311.6 26484 
479.206 300 3.47255 1.78292 6998.83 12230.7 300 3.74587 0.841262 16025.7 26412 
691.806 300 2.86113 3.13771 15318 24302.5 300 2.15108 2.62943 18045.8 26677 
728.515 300 0.547443 4.22849 12169.5 26095 300 0.939296 2.84153 24846.9 26567 
940.134 300 3.65327 3.65442 12099 25600 300 0.0850067 4.73745 16529.5 26347 
1031.87 300 2.67522 4.38481 7436.64 16824.7 300 1.41848 3.01708 17076 26607 
1176.05 300 2.91355 2.35754 6596.86 11273.9 300 2.82171 3.73674 10702.2 26522 
1220.28 300 0.314769 3.52277 11555.1 25981 300 2.63735 2.07646 25854.5 26609 
1497.25 300 0.367735 4.96662 12010.1 25900 300 2.7587 2.52956 18897 26609 
1499.79 300 2.85931 3.65505 19256.9 25290.1 300 2.67696 0.817747 22390 26483 
1681.16 300 3.7934 3.27731 1816.45 20330.6 300 0.47401 3.85021 5327.83 18951.9 
1855.82 300 2.5179 2.75832 20014.4 26002 300 3.59231 3.61981 21529.2 26467 
1960.22 300 0.479482 4.77209 12726.7 23556.6 300 1.95614 4.01553 14258.1 25697.1 
2276.22 300 1.65119 3.32325 16388 25966 300 0.115347 3.40625 24832.9 26450 
2297.89 300 4.52167 4.3313 13467.4 25988 300 4.52431 3.67722 15914.4 26366 
2331.75 300 3.05593 3.78717 13468.3 25797 300 0.351183 1.92222 14665.2 26491 
2547.82 300 0.655489 2.69954 5681.57 12958.5 300 0.266714 3.505 19245.6 26460 
2577.48 300 3.34475 1.68907 15992.3 26028 300 1.35025 1.59718 17874.1 26567 
2703.36 300 1.00648 2.86024 7689.89 24545.6 300 1.95622 2.22133 14288.2 26667 
2731.61 300 1.0323 3.37485 3041.24 9470.57 300 1.48538 3.05337 12358.3 26610 
2777.56 300 1.78819 1.4983 18908.3 25966 300 2.4527 3.72545 20369.6 26544 
2798.1 300 0.142698 4.67051 5028.51 19668.3 300 1.21887 2.63982 6997.55 20463.8 
2825.01 300 2.2718 3.80718 23407.7 26065 300 2.30828 1.78485 24456.6 26607 
2945.93 300 4.32048 4.97514 10547.3 17944.3 300 4.09219 4.07071 18116.3 25795.9 
2946.07 300 1.37773 2.77071 24859.7 26077 300 2.69255 1.73438 25510.9 26577 
3029.84 300 4.32778 3.06253 4660.83 9633.38 300 2.01365 2.90422 6832.15 14193.5 
3129.08 300 2.76181 3.26462 14379.6 26154 300 1.43212 2.61693 19675.7 26631 
3131.96 300 3.01213 3.19965 12469.9 17985.8 300 0.231711 4.33178 13437.4 20699.7 
3428.25 300 0.971017 3.27495 3816.15 7825.58 300 2.29244 3.85891 18445.9 26534 
3448.24 300 1.94613 3.06044 13230.4 18950.9 300 1.76123 2.53556 26097.2 26672 
3544.72 300 3.98332 0.28671 13186.8 19484.9 300 0.0468313 2.91933 19205.8 26461 
3671.1 300 3.88337 1.35104 13483.1 25771 300 4.64545 3.60695 14853.8 26356 
3692.2 300 3.50054 2.75193 18550.1 26072 300 2.10135 3.60308 21332.7 26568 
3793.35 300 3.40262 2.3461 12985.5 20565.2 300 0.879118 3.57481 17633.6 26514 
3887.99 300 2.68304 2.09082 19483.8 25992 300 1.74512 3.86893 23315.8 26533 
3979.5 300 3.87906 3.26836 14667.5 18399.2 300 0.349942 2.38766 25388.7 26502 
4090.3 300 1.47215 3.1082 9762.33 17719.3 300 3.54155 4.29667 16146.4 26416 
4152.33 300 3.52908 2.86404 10738.1 14765.9 300 4.96179 3.25007 12698.1 26334 
4266.32 300 0.284919 1.63123 14268 16882.5 300 1.08058 2.59784 19746 26590 
4315.57 300 1.32284 1.57461 8878.28 17158.6 300 4.53955 4.97212 17784.9 26275 
4379.23 300 3.15134 2.93805 12823.1 15175.4 300 1.68698 3.55323 15672 26569 
4406.92 300 3.19103 3.33029 11294.7 26149 300 1.96123 2.12266 16994.2 26655 
4574.66 300 0.43482 2.53478 21814.2 26212 300 1.68258 2.44114 23811.1 26662 
4577.73 300 1.11267 2.71806 12155.9 21264.6 300 2.66726 1.99563 22252.9 26600 
4601.58 300 3.19158 2.0435 6529.86 21618 300 1.1863 3.11026 8629.38 26578 
4650.31 300 4.34755 3.26748 7680.96 25468.6 300 4.63293 3.77536 15746.9 26349 
4789.4 300 0.215604 4.54401 13619.8 25622 300 2.00664 0.46595 19887.9 26456 
4804.1 300 1.55684 2.46231 16263.7 25892 300 3.60043 3.55634 18778.4 26470 
4827.64 300 3.53565 4.05902 8425.99 23584.3 300 0.0352095 4.09078 14607.1 25919.1 
4856.21 300 1.67086 2.19736 8220.36 12641.9 300 0.81883 3.75654 9793.64 22195.2 
4874.97 300 2.90527 2.91705 7556.56 14618.3 300 4.3329 4.83634 16959.8 24771.2 
4908.19 300 2.74502 3.7035 18533.5 25795 300 0.370718 4.46916 21207.2 26394 
5081.95 300 2.90277 2.75986 6036.56 11722.5 300 0.254723 2.902 13117.1 26486 
5166.6 300 0.368586 2.54458 11606 14205.9 300 0.932413 3.04416 14030.8 26557 
5177.41 300 4.0541 2.68605 9263.06 23491.2 300 1.97387 2.69441 12746.8 20969.4 
5409.9 300 1.43152 2.92827 19665.9 26206 300 2.25311 3.2114 21523.1 26610 
5453.57 300 2.74921 1.62831 12937.6 25917 300 0.427187 1.87535 14006.5 26497 
5507.87 300 0.731591 2.81498 6353.03 22315 300 0.899113 1.61715 7236.02 20293.6 
5642.62 300 3.15393 0.77675 23701.9 25718 300 1.3453 4.20031 25228.1 26482 
6016.95 300 3.81728 2.14819 14382.6 21345.8 300 3.64185 3.71532 19304.4 26455 
6035 300 2.41666 2.2268 10003.9 14718.9 300 2.08041 3.48351 10567.7 24758.3 
6062.89 300 1.96504 2.233 12135.5 21345 300 3.65476 1.77666 17176.7 26484 
6083.3 300 2.59284 1.9872 9029.23 19467.2 300 3.13752 3.14497 16367.7 24191.6 
6365.22 300 1.79232 2.76005 7997.09 17685.6 300 2.14904 2.6192 12885.9 26678 
6371.66 300 3.25709 2.62662 10490.9 14795.2 300 3.97296 1.74971 15734.5 26447 
6397.42 300 2.19228 4.29152 11619.4 25598.8 300 2.25148 3.19 23695 26612 
6412.45 300 2.00166 3.52839 12548.9 25830 300 3.51913 4.81443 13156.9 22453.3 
6440.94 300 2.58908 2.09146 9615.61 25559.4 300 4.53235 1.07925 13904.6 26352 
6468.9 300 2.0255 1.44808 15879.1 24292 300 2.95288 0.218746 17031.8 25699.3 
6473.39 300 0.217892 1.94681 21422.9 26008 300 2.27908 3.27428 23903.4 26602 
6494.37 300 3.44602 3.49301 15661.2 25732 300 4.74106 1.27133 16719.3 23880.4 
6550.24 300 2.63209 3.02334 12429.6 23910.2 300 3.44078 3.33962 21335.7 26500 
6565.46 300 1.672 3.30157 7226.24 18435 300 2.28802 0.472903 9144.38 24368.6 
6649.49 300 3.06897 2.60329 18190.6 23848.4 300 3.12681 3.12074 21332.8 26546 
6657.75 300 0.825247 3.53525 9682.1 23380.6 300 1.126 4.25166 14266.8 26466 
6719.04 300 3.92675 1.20944 13012.3 24988.6 300 2.58117 3.16662 14828.6 26594 
6747.36 300 2.65326 4.58136 14016 22827 300 3.13842 0.760438 19774.5 26451 
6842.45 300 3.97813 3.47711 18275.7 25256.5 300 1.08357 4.71517 22526.7 26413 
6931.4 300 0.646746 2.8839 8916.45 14705.3 300 1.41594 0.508488 16006.8 24962 
6999.74 300 0.508958 3.05889 8830.36 10985.4 300 1.78896 1.99239 17951.6 26635 
7022.41 300 2.62523 2.38554 17179.3 20217.4 300 1.01503 1.41246 20132.6 26524 
7025.39 300 1.37017 3.48206 11073.6 13141.9 300 3.63354 2.56619 22440.6 26504 
7027.26 300 3.57825 3.41939 15536.9 23430.8 300 0.730803 4.57621 24442.7 26408 
7039.9 300 2.8774 0.458548 12802.4 23795 300 0.865636 4.58002 19981.6 26416 
7112.96 300 0.229033 2.77465 10817.4 25267.9 300 1.47845 4.37292 17560.3 23829 
7118.6 300 0.598845 1.31158 15552.7 25416 300 4.74837 4.12512 25328.8 26317 
7211.15 300 3.53698 3.12618 8239.4 13283.9 300 3.5805 3.23298 17090.3 26491 
7275.41 300 1.71702 3.28062 14522.3 18360.9 300 1.50413 0.108609 25037.3 26407 
7305.71 300 0.0747299 3.98308 12078.8 22880.8 300 1.11869 1.42987 13105.9 26534 
7358.7 300 1.81699 3.12873 10521.3 16438.1 300 0.591122 4.42351 24928.9 26414 
7559.72 300 1.03824 2.38017 11619.7 25614 300 4.07728 1.62358 17761.1 26430 
7572.51 300 1.48892 1.4208 16358.1 25898 300 0.116129 3.14501 26207.6 26462 
7623.89 300 3.19262 4.55832 22200 25952 300 2.68606 1.82618 26192.3 26585 
7909.47 300 3.98928 2.94062 8002.72 19673.2 300 1.27478 1.98102 9448.05 23212.2 
7967.47 300 3.67508 3.51355 15227.1 22608.5 300 2.68386 3.55993 20644.6 26549 
8002.4 300 3.69712 3.30352 9822.78 21274.5 300 3.58754 4.71781 15710.8 22460 
8098.86 300 2.60574 1.81999 21799.6 25761.2 300 3.04104 3.01015 24016.4 26561 
8174.35 300 0.151517 2.26488 14885.5 25380 300 4.76445 4.46901 20788 26293 
8219.36 300 0.46919 3.01163 11880.9 16640.1 300 3.48989 3.68856 16434.7 24169.2 
8302.17 300 1.84682 3.72507 16457.6 25540.4 300 1.91876 4.88656 19785.6 26414 
8387.83 300 0.279529 3.75103 22450.1 25836 300 3.35786 3.36111 24321.4 26508 
8429.2 300 1.584 1.84472 9565.95 12791.9 300 3.67733 1.35084 17967.7 26457 
8429.19 300 1.41965 2.53841 22495.8 25199 300 4.13546 0.753673 24493.2 26369 
8437.06 300 2.28172 3.08114 9394.32 19776.6 300 1.35598 3.5572 20015.9 26552 
8556.41 300 0.526071 4.95948 12305.5 18370.8 300 3.75141 0.291474 17008.4 26362 
8634.11 300 3.5986 0.684977 16749.4 20964.2 300 2.61832 0.512057 21326.1 26451 
8750.14 300 0.882341 3.50938 10166.5 15694.3 300 1.09492 4.09096 13376 26481 
8832.13 300 3.2293 3.6936 10584.2 13429.5 300 1.98788 2.08213 19494.9 26650 
8967.72 300 1.98033 3.42924 15509.7 26253 300 2.20176 2.43576 20860.4 26675 
8972.69 300 3.14016 2.81436 13567.9 25817 300 4.7918 1.73887 19110.4 26353 
9017.03 300 2.43674 2.63128 16755.1 26166 300 2.09789 3.5109 23184.5 26579 
9043.2 300 0.493622 3.36176 24092.3 25523 300 4.86886 3.14991 25634.2 26348 
9076.61 300 1.52449 3.16348 10471.6 23951.6 300 0.322892 4.438 18083.9 26393 
9087.77 300 3.37269 1.17971 21553.1 25746 300 4.95131 3.05442 26248.2 26340 
9361.54 300 3.64038 2.7099 21871.8 25877 300 2.99658 4.62127 25614.4 26419 
9596.96 300 0.314151 3.91605 15640 25207.8 300 1.53585 4.36688 16580 24408.4 
9627.27 300 0.0142516 3.514 23997.8 25846 300 3.16423 3.3923 25078.3 26524 
9748.1 300 2.8591 3.44525 17631.8 25930 300 1.28876 1.37738 26003.6 26541 
9940.22 300 3.53288 2.8376 12287.3 19286.4 300 0.389178 2.39666 19372.2 26507 
10032.6 300 3.95692 4.6965 13225.8 23233.1 300 3.30995 3.00912 15373.6 26532 
10136.9 300 2.35699 2.73403 16642.6 25789 300 0.843766 4.77649 21325.8 26394 
10214.3 300 3.85068 3.70445 14985.7 21909.8 300 0.624006 1.72765 20819.9 26511 
10264 300 0.932331 2.3128 12821.3 24857.1 300 2.77948 2.92774 15580.4 22795.2 
10264.2 300 3.62106 2.51576 13276.6 23941.4 300 3.01737 3.17905 18161.7 26554 
10278.4 300 4.40687 3.59139 10820.8 18140.9 300 3.39057 0.246722 14634.1 26383 
10418.6 300 3.57828 3.46417 15798.2 25346.8 300 0.232602 4.26841 25153.4 26400 
10475.7 300 3.46611 4.56379 12347.4 24096.9 300 2.99057 4.27602 23751.7 26456 
10492 300 1.22903 3.29537 13701.5 22377.9 300 1.72616 4.53744 15257.8 26454 
10540.7 300 2.27582 0.232319 22604.7 24764 300 1.72258 4.93029 24055 26407 
10732.2 300 3.28201 3.47934 17786.5 25809 300 2.84634 2.09335 18723.8 26588 
10857.6 300 4.89638 2.19921 16814.7 21922.9 300 3.95833 3.46884 18408.6 26438 
10989.2 300 0.622922 2.43518 15450 21530.5 300 0.775704 3.89619 17918.7 26478 
11160.8 300 0.0116387 2.89508 18420.6 26157 300 0.201909 2.86612 19485.7 26480 
11250.8 300 0.0297402 1.3531 25386.4 25627 300 3.77592 3.59189 26311.8 26450 
11304.1 300 1.6375 4.58682 16620.2 25871 300 0.906016 1.64658 19234.8 26534 
11323.4 300 0.612211 1.08969 14203.2 25399.8 300 3.77557 1.00326 24388.4 26422 
11350.7 300 2.16604 3.0352 13336.8 14918.7 300 2.69543 3.4966 24924 26555 
11361.8 300 4.15692 2.02011 13454.9 24517.5 300 1.73892 2.70386 15004.7 26661 
11370.1 300 1.41814 2.5718 23716.9 25828 300 3.24613 0.71783 24707 26440 
11391.7 300 3.20974 2.63041 15613.3 21241.1 300 3.36822 2.82529 25389.3 26532 
11568.9 300 4.56522 3.44245 14365 23740.7 300 3.52244 3.36048 17818.7 23730.3 
11842.6 300 0.411047 4.30203 17458.5 26089 300 1.82901 3.40887 19558.1 26590 
11857.4 300 4.81545 2.33423 14333.8 16264.7 300 3.36928 3.83965 16747.4 26471 
11868.5 300 3.25326 2.67163 25060 26209 300 3.38726 2.7885 25384.3 26530 
12117.6 300 2.8014 2.61753 24500.3 26135 300 1.30026 2.6495 25010.4 26615 
13260.4 300 2.32885 2.66648 15632.2 23077.6 300 1.10662 3.04942 22043.2 26575 
13562 300 1.56367 4.70224 16184.6 20273.1 300 4.89452 1.38275 17361.5 21939.2 
13768.5 300 0.701352 3.24809 18013.3 26061 300 2.2179 3.72965 19938.7 26551 
14147.1 300 2.10224 3.05059 19145.2 26004 300 3.66303 3.02801 24182.8 26491 
14585 300 3.26656 3.493 20084.7 25977 300 3.72078 4.37264 20726.8 26395 
14893.7 300 3.00308 2.05617 16292.4 21963.3 300 0.896341 1.28442 20160 26503 
15091.2 300 3.48507 3.66463 25951.2 26146 300 2.29343 2.33724 26498.6 26660 
15268.4 300 3.18319 0.17042 16279.1 17871.6 300 2.11109 4.24918 21065 26490 
15391.4 300 1.82524 2.50129 19443.2 22732.8 300 2.05225 4.72732 22110.3 26433 
15528.5 300 3.54845 1.85148 18149.6 21414.6 300 1.16018 3.6629 21610.4 26508.7 
15570.3 300 1.53228 3.7297 22777.4 25354.8 300 4.79513 3.898 24103 26325 
15582.8 300 1.837 2.91154 20365.2 25979 300 0.27784 3.31741 25442 26472 
15595.5 300 0.706218 2.94985 18409.9 22248.4 300 2.82504 1.32192 19435.9 26528 
15884.7 300 1.91921 3.02979 21731.6 23582.6 300 1.88416 2.66806 23303.5 26676 
16002.9 300 2.17773 1.66611 19103.6 24126.4 300 3.07132 3.22845 22163.5 26545 
16061.4 300 2.6263 1.8972 18475.3 19775.1 300 2.47074 1.72673 24353.3 26592 
16107.5 300 2.74825 2.32481 23883.5 26186 300 1.50661 2.64514 25242.8 26639 
16285.6 300 4.02346 1.0422 24623.5 26002 300 2.86512 0.600131 25330.6 26450 
16614.5 300 1.02508 1.78105 17148.6 21455.2 300 3.01881 3.9215 18352.1 22903 
16926.1 300 3.26523 2.91434 23557.8 25905 300 0.690902 3.29629 25709.6 26517 
16934.6 300 1.36423 3.67281 18305.7 20458.1 300 0.692436 3.40386 22168.6 26510 
17055.7 300 4.02685 2.62319 19765.8 25129.7 300 0.0626589 2.24378 23501.5 26466 
17200 300 2.0678 3.44338 23585.3 25732 300 4.40627 1.56996 24607.4 26391 
17333.4 300 1.38738 3.29151 20848.8 24124.4 300 1.44659 2.61015 22375.6 26633 
17870.7 300 1.77808 4.8448 19082.8 23243.1 300 3.86346 2.43743 21564.9 26477 
17884.2 300 2.23113 3.08505 21752.5 25177.7 300 2.44888 2.13939 24074.2 26631 
17940.8 300 3.5379 0.888336 20280.7 24257.8 300 4.12029 3.43327 22344.9 26423 
17959.5 300 1.51476 2.82962 20098 22888.5 300 1.69616 2.33308 24363.3 26659 
18065.6 300 2.30245 4.84337 20043.5 26082 300 2.71736 4.49762 23322.9 26446 
18127.2 300 1.01011 3.57422 19150.2 21740.1 300 3.06596 3.34942 22434 26156 
18133.4 300 1.58157 1.28946 20171.6 22272.1 300 2.09367 2.73983 22121.2 26670 
18265.4 300 1.62829 3.32898 23262.3 25811 300 4.16084 2.27354 25888.3 26440 
18352.9 300 3.13731 3.28833 19199.2 21623 300 1.89606 3.67952 21879.8 26558 
18370.8 300 0.019422 1.84475 24327.4 25751 300 1.93595 4.57481 25948.7 26451 
18712.7 300 0.269304 2.53496 21220.6 25830 300 3.50415 2.72887 23444.9 26518 
18781.2 300 2.54405 2.89631 20192.1 24969.9 300 0.856867 1.95094 20964.4 26102.6 
18956.4 300 0.682074 1.43795 22166.4 25535 300 4.85824 2.68253 23809.9 26357 
19039.1 300 3.75586 3.67324 22900.5 25864.5 300 1.43802 3.9489 23781.3 26514 
19254 300 2.47236 2.34709 21045 22593 300 2.8955 3.55938 23328.9 26534 
19377.8 300 0.409734 4.3756 21081.2 25950 300 2.78306 3.39111 24843.9 26558 
19707.3 300 1.61212 4.08827 19873.5 25273.1 300 2.31891 3.13174 23013.5 26616 
19783.3 300 1.51158 3.53933 21222 22434.9 300 4.08998 2.23693 22467.6 26448 
19929.8 300 0.880736 3.51416 22172.3 24697.1 300 0.405021 4.60449 22966.5 26384 
19964.3 300 4.71461 3.64951 20789.7 22929.6 300 4.50584 1.27091 23017.5 25898.7 
19980.7 300 3.44872 3.61228 21469.2 26076 300 2.31939 3.98295 22167.3 26518 
20117.8 300 2.20705 3.56386 21867.7 23289.4 300 0.210945 4.87451 22675.7 25723.7 
20207.5 300 1.89968 2.31588 20395.6 22007.5 300 2.28243 2.9079 21734 26641 
20476.5 300 3.25467 3.20259 22869.8 25952 300 0.908036 3.35906 25286.7 26534 
20613.5 300 2.04722 1.64562 23228.4 25018.4 300 3.60148 2.57044 23981.8 26508 
20713.1 300 0.493865 2.68099 21913.3 25553.2 300 3.70051 2.53849 24954.8 26496 
20716.2 300 2.34242 4.96278 25648.5 25974 300 3.3549 3.20393 26426.7 26517 
21401.2 300 1.37975 3.26358 23583.5 24720.1 300 0.365155 2.53663 24183.8 26504 
21707.9 300 3.37921 1.92342 23151.6 25876 300 1.90688 4.17846 26497.6 26499 
22653.3 300 1.89795 3.9346 24146.2 26228 300 2.00668 2.74454 24841.3 26425.9 
23327.1 300 3.03286 2.53942 23973.4 25858.1 300 3.71638 2.82029 25190.5 26491 
23449.2 300 1.52061 3.82681 24388.8 25249.2 300 0.0921887 3.54175 25156.2 26440 
23949.6 300 1.32189 2.85569 24901.6 25996 300 3.22671 3.23806 25874.9 26529 
24015 300 1.93405 4.67143 24631.1 26029 300 3.06217 3.3467 25616.7 26537 
24322.1 300 1.32755 2.79456 24414.7 26122.1 300 1.67616 3.43239 25104.3 26323.7 
-2 300 1.32755 2.79456 24414.7 26122.1 300 1.67616 3.43239 25104.3 26323.7 
