-1 0 1.98396e-314 1.9478e-318 0 2.122e-314 -3.10037e+231 8.35536e-314 1.04774e-313 1.25993e-313 0 
6.98755 300 2.9782 1.20512 9162.3 13413 300 3.96082 1.46191 10705.4 13834 
146.066 300 3.69909 3.01384 5824.43 9403.74 300 1.53864 1.70361 6904.91 11599 
184.147 300 4.39155 3.08555 3467.03 11480.2 300 1.65623 4.74065 7602.81 13828 
288.161 300 0.963206 4.93663 9430.68 13401 300 2.61593 3.14658 11448.3 13993 
427.844 300 1.81519 2.92057 2837.74 11474.9 300 4.79905 1.25447 3603.08 11044.1 
471.002 300 0.264163 2.87666 8738.42 13563 300 1.18362 2.23361 9268.99 13926.3 
479.915 300 4.65327 4.02133 4678.53 7140.61 300 4.17989 2.49548 10203.2 13839 
580.177 300 3.13662 3.52382 768.121 10679.7 300 0.407814 1.42084 2512.67 13870 
872.642 300 3.85031 4.10226 6263.52 9793.36 300 2.70068 1.31456 9283.31 13935 
895.711 300 1.39444 1.46811 4900.87 10675.2 300 0.729819 3.07818 6080.63 13933 
1272.97 300 3.86468 3.1923 6833.27 13554 300 3.07493 2.61181 12713.9 13971 
1348.76 300 1.7052 4.12638 9441.62 13017 300 4.42724 1.39102 13532.8 13780 
1429.72 300 4.83223 3.0585 1821.69 6304.34 300 3.69228 4.20787 2463.08 11165.6 
1496.11 300 0.210518 3.55942 4051.44 13229.5 300 0.781648 4.87301 9444.57 13780 
1496.16 300 4.2451 1.37554 1719 8995.57 300 1.11843 4.57207 6101.72 13830 
1559.27 300 0.0927042 4.92731 6768.93 13188 300 3.28205 2.95906 12405.6 13937 
1682.53 300 0.771073 2.00906 2435.59 5656.45 300 0.277599 1.48797 5899.72 13861 
1903.19 300 2.70745 1.91932 5229.38 13376 300 0.626258 2.54983 5895.52 13936 
2013.83 300 3.04024 0.599458 5739.01 13357 300 1.27017 2.86651 10285.8 14002 
2130.88 300 1.55396 1.27911 2283.89 11424.4 300 0.527947 2.81213 3794.06 9569.97 
2172.87 300 3.90348 2.37986 5752.56 11955.3 300 4.90999 4.15879 8261.77 13699 
2252.97 300 0.818542 4.53457 2945.71 7429.7 300 4.38328 1.82622 7111.71 13803 
2723.88 300 0.318464 3.93972 3413.88 10291.7 300 0.115439 3.63747 7169.74 11409.2 
2792.88 300 2.43184 3.38104 3924.49 7774.4 300 1.50717 3.99094 5901.6 11119.6 
2929.44 300 3.31191 2.97145 11654.1 13601 300 1.99567 2.30611 12759.7 14077 
2954.96 300 1.74662 1.9512 4675.39 10715.2 300 1.89696 1.79707 5586.29 9675.68 
2969.37 300 3.49362 2.91177 4766.45 8123.11 300 0.873956 2.40797 8309.36 13965 
3069.76 300 2.84406 2.54162 7670.34 13163 300 3.7237 0.235926 8531.56 13759 
3525.2 300 0.883085 1.45944 6703.47 11245.8 300 4.99959 3.55414 8168.97 13719 
3545.03 300 3.34834 2.57966 9354.7 13552 300 3.07566 1.82467 10455.9 13948 
3754.94 300 0.847092 2.97133 4058.33 11951.8 300 2.17017 2.11249 8238.81 11680.6 
3825.9 300 0.0647338 3.45366 4763.16 7634.11 300 2.34144 0.902032 13424.2 13904 
3889.21 300 1.12111 3.56898 7405.91 13591 300 1.94163 3.41288 9166.07 13991 
3921.78 300 1.05863 1.17674 7041.02 10472.3 300 4.37886 2.10931 10126.7 13811 
4081.11 300 4.75128 2.81053 8127.11 9448.69 300 0.657439 3.8231 9238.37 13874 
4096.73 300 2.93652 1.3611 8204.01 10958.8 300 1.69069 1.46697 10865.9 13971 
4096.6 300 1.8735 4.7582 8162.29 12999 300 3.93741 1.03941 11247.8 13809 
4235.45 300 0.245944 1.54172 7293.86 13288 300 0.573969 3.83626 10245.5 13866 
4308.91 300 1.47475 1.50013 6438.04 11259.8 300 1.66475 2.06068 9568.16 14034 
4308.93 300 2.79141 1.83872 8132.17 11614.6 300 0.673574 0.949312 9604.08 13856 
4312.78 300 0.642439 2.73877 9096.21 10964.3 300 3.45649 3.42933 11143.8 13893 
4342.28 300 3.00081 1.97774 7085.88 8823.87 300 2.15725 2.489 8330.85 14082 
4367.8 300 4.78242 4.84578 4443.09 8950.2 300 1.74872 1.55727 8454.08 13983 
4428.46 300 4.98766 4.13147 6678.52 8698.59 300 3.96947 0.0529489 7509 13724 
4469.79 300 4.67664 4.03715 7521.62 13246 300 4.57289 2.02754 8949.62 13787 
4490.09 300 2.9364 1.92601 5462.52 11294.1 300 0.996883 4.71315 6624.36 12901.8 
4636.6 300 1.21545 1.30449 5110.61 10630.7 300 2.57127 3.69002 7122.27 12672.9 
4759.96 300 2.03031 0.875798 9016.97 13031 300 1.0787 4.74474 10854 13809 
4807.52 300 2.904 2.45216 11600.2 13205 300 0.691493 0.756158 12265.5 13839 
4833.17 300 3.03366 2.64883 4899.03 11888.3 300 0.411697 4.2135 8642.7 13820 
4839.61 300 3.51914 3.90712 8936.26 12022.6 300 0.562025 3.76535 11515 13871 
4904.21 300 1.12826 4.87905 7922.12 9040.67 300 0.805992 2.86958 10609.9 13951 
4933.2 300 1.52963 3.44748 8179.35 13533 300 2.64306 2.34111 10661.1 14021 
4944.23 300 4.84822 0.530238 8503.88 13263 300 4.45244 2.51788 10188 13571.4 
5046.91 300 0.517716 1.43818 7200.98 10062.4 300 4.59036 1.51683 10288.4 13768 
5196.47 300 1.22045 4.27666 10098.2 11938 300 0.859831 1.29209 11169.2 13901 
5256.15 300 4.02073 1.93102 12093.9 13033.1 300 1.69225 2.67879 12955.3 14058 
5288.24 300 1.1299 3.9131 6664.02 9180.67 300 3.63637 2.92599 8331.51 13898 
5414.36 300 1.09548 3.81294 11855.5 13585 300 0.930555 3.653 12428.2 13912 
5551.02 300 2.72161 1.38343 6618.56 10564.2 300 2.03765 1.44192 12076.7 13973 
5732.88 300 0.880389 0.487885 8673.82 11815.1 300 1.97275 3.23425 11442.4 14012 
5876.39 300 3.42209 2.90316 7911.18 13258.6 300 2.12907 2.84275 10554.9 14057 
6006.14 300 1.35861 3.7659 8591.97 12587.4 300 3.88214 3.69394 9648.49 13833 
6007.35 300 1.11396 1.78192 7504.85 10729.3 300 3.94438 1.82934 9894.94 13483.3 
6027.13 300 3.01171 1.42949 9148.08 13407 300 1.30214 3.08005 10217.7 13992 
6187.06 300 2.69374 0.825003 11422.9 13398 300 1.82912 3.25625 12921.6 14007 
6189.85 300 0.685984 2.69341 9244.63 13638 300 1.45565 2.73001 9760.02 14030 
6194.48 300 0.856068 1.53502 8531.71 11901.9 300 3.88809 1.5923 9502.65 13027.8 
6237.75 300 0.592041 2.74565 8925.48 13569 300 2.23634 2.66924 11375.3 14066 
6260.65 300 0.510783 3.5109 9327.86 12243.3 300 2.9922 1.86096 11049.9 13959 
6359.42 300 3.22968 4.02684 7106.12 9392.35 300 1.5505 2.62337 8020.24 12507.9 
6555.7 300 1.49685 4.38946 9080.48 10049.3 300 1.54795 3.51682 11614.6 13967 
7419.08 300 2.16118 1.99924 9150.59 13146 300 3.6305 0.00218152 10665.8 13035 
8034.58 300 3.93048 3.24713 12518.6 13441 300 2.0911 1.82554 13964.3 14019 
8083.32 300 2.03702 1.80189 9191.11 12313.9 300 1.62839 3.83402 11977 13934 
8159.59 300 0.852322 4.92175 12881 13346 300 2.72965 2.49939 13972.6 14013 
8194.6 300 3.56918 1.8529 10844.7 13596 300 2.04307 2.50914 13311.4 14095 
8223.02 300 1.94122 1.92695 10030.7 13254.4 300 3.06629 2.08266 11182.3 13963 
8227.53 300 1.10892 3.1664 8329.88 12513.1 300 2.47078 1.61535 10922.9 13980 
8259.27 300 3.87634 2.74941 10513.3 12755.4 300 3.04032 0.680166 11682.4 13849 
8306.64 300 1.7131 1.55114 9679.14 11433.7 300 2.5553 1.52028 13925 13965 
8353.21 300 2.95562 4.24773 11023.5 11985.8 300 2.46785 1.99703 11898.9 14018 
8355.64 300 2.19505 1.24587 10665.4 13166 300 3.17338 4.2647 13631.6 13846 
8375.81 300 4.10181 4.08213 9406.08 10175.8 300 3.87546 3.00866 10026.1 13867 
8454 300 0.149793 4.78179 9684.26 12902 300 4.60149 2.80648 11921 13786 
8559.62 300 0.454451 2.20159 13370.9 13521 300 0.618799 3.03831 13798.3 13923 
8599.75 300 2.61136 4.09068 11436.1 12772.7 300 4.14537 2.68806 12311.1 13842 
8635.1 300 1.71946 3.55358 9912.22 11928.6 300 2.54783 1.6952 11921.8 13984 
8653.45 300 1.26437 2.16839 10617.7 13516 300 1.52979 3.45568 12472.9 13973 
8658.12 300 2.97154 3.28 9226.53 10458.1 300 4.04452 3.56423 11065 13357 
8693.02 300 0.99369 3.24218 8868.08 13247.3 300 3.28378 3.17528 10448.5 13855.6 
8822.2 300 3.62459 3.61138 10241.2 13282.5 300 3.35338 3.34662 12584.5 13909 
8907.49 300 2.12387 3.85773 10633.9 11289.3 300 0.0684542 4.54442 11514.2 13763 
8965.14 300 0.999226 4.59015 9372.28 10765.1 300 3.85932 0.239523 11048.8 13749 
9098.91 300 0.381859 4.95664 10271.2 13182 300 1.63981 1.27811 11084.7 13948 
9236.99 300 0.0037645 2.00711 9823.11 12556.5 300 1.31129 4.96257 13618.3 13794 
9360.98 300 3.92852 3.12112 11129.6 12832.7 300 3.65991 3.0291 12205.8 13891 
9363.3 300 1.32192 2.69835 12100.9 13456 300 3.02321 2.14243 12761.3 13970 
9448.59 300 3.62265 2.6942 10374.9 11359.8 300 0.345476 4.28015 12825.9 13809 
9502.28 300 1.56508 4.66683 9561.68 11302.3 300 4.24421 1.37044 10535.3 12571.6 
9511.17 300 0.491305 2.44767 13106.9 13169 300 2.4338 4.7279 13784.9 13828 
9511.83 300 3.73453 1.84384 9550.89 12071.9 300 1.22526 1.79836 11649.6 13975 
9835.39 300 3.52644 2.20771 10883.8 11635.4 300 0.848788 3.65925 13175.6 13904 
9969.89 300 3.16628 4.91348 10437.6 11769.9 300 2.92806 0.617039 12054.5 13849 
10061.3 300 2.86462 2.60814 10244.7 12452.5 300 1.94593 0.192538 11491.2 13824 
10091.4 300 2.75188 2.27381 12948.4 13410 300 3.83835 3.06027 13512 13870 
10105.5 300 0.947375 2.6331 11151.7 12308.3 300 0.218318 1.56609 12362.2 13859 
10192.7 300 0.478511 3.55408 10897.1 13299 300 2.33865 1.29234 11831.3 13950 
10510.8 300 1.82722 3.07447 11211.7 13316.1 300 3.75671 2.32579 12811.2 13889 
10541 300 1.28352 4.98785 11696.6 12341 300 0.547338 4.05237 12949.9 13845 
10569.9 300 3.66086 2.29161 11228.5 12369.9 300 0.708006 4.64597 12053.5 13800 
10640 300 1.42621 2.69022 10686.8 12440 300 3.28916 1.46009 11388.8 13902 
10901.9 300 1.00834 3.95397 12449.4 13576 300 2.08756 2.71247 12964.9 14073 
10962.3 300 0.335105 2.89734 12381.3 12885 300 4.87861 1.80828 13401.4 13745 
11138.7 300 1.58552 3.9656 11242.3 12938.7 300 1.92288 4.51313 11789.3 13859 
11240.6 300 0.409103 3.73453 11494 13040.6 300 0.249368 4.59103 12204.6 13773 
11400 300 2.56021 4.97117 11960.1 13200 300 0.387267 4.50414 13705.4 13792 
11486.2 300 1.11176 2.26662 11773.9 13286.2 300 0.64742 3.64261 12299.7 13888 
11701.1 300 1.9928 4.1945 12484.3 13581 300 2.12716 4.19189 13167.1 13897 
-2 300 1.9928 4.1945 12484.3 13581 300 2.12716 4.19189 13167.1 13897 
