-1 0 1.98396e-314 1.95286e-318 0 2.122e-314 -3.10089e+231 8.35536e-314 1.04774e-313 1.25993e-313 0 
76.6259 300 3.64482 3.02316 7270.57 10983.8 300 1.90139 4.86287 11108.7 26038.9 
126.162 300 2.80391 2.43923 9974.32 26055 300 3.52465 3.32772 13391.3 26492 
207.927 300 1.66935 2.13249 5778.5 13223.5 300 0.271248 4.5287 16159 26381 
209.501 300 3.33792 3.16257 8467.59 26218 300 3.13911 3.18206 13612.8 26541 
276.092 300 0.608674 3.47601 6858.62 10395.2 300 2.36057 2.24937 13615.2 26648 
375.078 300 1.88502 4.89172 12524.1 16519.6 300 1.67812 1.1421 18934.2 26533 
645.681 300 3.11134 2.67798 9404.12 15112.4 300 3.26065 2.66919 14212.2 26548 
723.189 300 0.703872 3.96159 3982.28 8094.12 300 0.82111 4.94566 4886.38 26375 
761.149 300 2.07881 2.14449 10318.4 26188 300 2.13291 3.20215 19802.5 26615 
793.616 300 0.443121 0.770924 10097.1 24219.4 300 0.666875 4.68397 25346.1 26393 
922.656 300 1.117 4.41844 5055.61 11472.3 300 2.85221 3.50101 26242.3 26543 
975.942 300 3.91654 2.36458 6177.48 11575.9 300 2.1165 1.98299 8564.64 26637 
1026.29 300 0.966926 2.05669 6523.84 24678.6 300 0.665677 2.38269 15125.4 26540 
1113.41 300 0.650629 3.40047 4688.82 24229.3 300 1.15186 2.93067 18123.6 25939 
1468.53 300 4.61478 4.60647 22529.2 25886 300 1.71371 3.72964 24192.7 26549 
1478.64 300 0.480055 2.59255 23691.6 25997 300 2.81397 3.06284 24528.2 26582 
1561.51 300 3.0814 1.39309 22101 25939 300 0.834976 2.79151 23603.2 26556 
1586.77 300 2.18574 4.81006 4355.1 20473.5 300 0.0183128 0.122988 13745.1 26329 
1611.59 300 0.0932564 4.14893 8929.88 22799.8 300 1.98318 3.94104 10833.7 18611 
1614.05 300 0.82189 2.0474 8106.71 12028.5 300 4.58997 2.74378 11371.1 20347.5 
1799.87 300 1.51427 2.51157 16616.6 19784.2 300 0.71505 2.92995 17553.7 26538 
1865.3 300 1.84313 3.71782 15635.3 26061 300 2.9473 2.23545 20301.3 26582 
2365.5 300 1.06919 3.94587 6457.66 14945 300 4.25866 3.50766 13450.1 22797.6 
2466.56 300 1.34674 0.0633558 25468.3 25828 300 3.51935 2.48537 26398.6 26518 
2861.11 300 1.18238 3.22148 25225.1 26077 300 0.378439 2.50579 25780.7 26506 
2897.25 300 0.912099 3.00814 11449.5 23745.1 300 0.229772 3.92322 17387.6 26428 
3007.68 300 0.782286 3.20101 10559.9 16384.6 300 1.65395 4.70377 19718.9 26433 
3022.75 300 2.42016 0.868673 6520.1 16368.6 300 1.62236 2.16236 12096.2 26640 
3100.03 300 0.444278 2.90883 14372.6 23540.1 300 0.466631 4.03448 17986.7 26440 
3108.44 300 1.43725 3.65442 3274.26 10640.7 300 2.51599 3.66261 14027.6 26548 
3144.59 300 2.94675 2.05273 8624.52 16821.3 300 1.3227 3.34812 15701.3 26570 
3145.08 300 2.86448 2.31219 11969.5 20571.3 300 2.45625 3.54723 16840.2 26563 
3403.5 300 3.05513 4.4267 21019.6 25772 300 0.556927 4.79808 22318.2 26375 
3577.66 300 0.497246 2.95535 10021.4 14682.6 300 0.846591 3.19181 15812.9 26539 
3842.7 300 4.40261 3.22909 6342.52 24810.2 300 1.68599 2.41445 16050.6 26661 
3846.83 300 3.36662 1.40262 17612.6 20070.6 300 2.08432 4.75888 18528.2 26429 
3919.32 300 1.65649 4.37485 11986.2 15939.6 300 2.98112 2.5708 17181.8 26582 
3954.1 300 0.501614 2.08345 5048.64 19238.6 300 3.55872 0.397363 25421 26386 
4010.61 300 4.61597 0.0588348 7360.38 10751.9 300 2.27527 1.63337 14493.5 26591 
4090.83 300 1.35879 4.03781 12681.1 25607 300 4.1746 1.13218 19615.4 26392 
4207.21 300 2.52611 2.00157 5889.13 12330.2 300 0.725218 4.30236 18247.4 26436 
4219.13 300 4.21327 3.78567 13648.6 26036 300 2.50135 3.72794 17700.1 25212 
4231.68 300 3.17784 4.82163 13678.8 23595.1 300 1.62329 3.90352 23195.2 26526 
4415.99 300 4.43779 1.96671 9504.52 16173.4 300 1.49286 4.69217 16615.8 26430 
4458.22 300 0.435165 1.71749 7572.38 12764.5 300 4.3569 4.56875 11399.9 19084.1 
4675.43 300 2.75654 3.12794 11982.9 18582.9 300 4.42855 3.55281 21936.5 26383 
4712.87 300 3.74491 3.34618 14020.9 21937.9 300 1.9996 3.33493 21138.1 26600 
4964.5 300 0.237327 1.27758 10512.9 21013.5 300 0.661113 3.92038 17379.1 26466 
5234.12 300 3.17581 3.61677 7410.38 23872.3 300 1.58833 2.55448 9825.42 26651 
5245.22 300 3.26571 3.68824 12802.6 25948 300 1.46775 1.6157 17306.4 26577 
5324.4 300 0.25343 2.71308 18312 25951 300 2.99544 2.46366 24772.2 26581 
5352.99 300 0.860082 3.54363 14189 17955.5 300 0.753032 4.0271 16632.6 26464 
5521.4 300 1.63182 0.455186 16758.6 24004.2 300 1.08716 3.8706 18691.2 26503 
5594.73 300 2.06855 3.57704 6987.4 20500.8 300 3.18216 3.86687 14466.4 25565.1 
5623.5 300 3.71884 2.64126 7553.47 20811.8 300 4.01445 0.103612 15128.1 26325 
5775.76 300 2.51254 1.92996 13760.1 22404.9 300 0.091595 1.74356 21950.6 26454 
5925.74 300 1.16823 1.98664 13423.4 17654.7 300 1.49679 4.13888 18398 26495 
5963.91 300 2.38208 2.5983 15699 24673.6 300 0.962315 3.23681 18348.4 26548 
6016.67 300 1.1059 3.27651 12298.5 14852 300 4.15175 2.19467 15299.7 26440 
6072.33 300 1.05993 4.37744 15208.1 21280.1 300 0.177105 1.94876 25868.6 26472 
6126.48 300 2.7287 2.8996 23942.9 26008 300 3.98801 2.65704 24600.3 26461 
6740.43 300 0.00840466 2.86396 8606.78 11926.6 300 0.875183 3.13616 17234.6 26545 
6868.4 300 3.97284 3.04863 9267.29 18009.3 300 3.65195 0.664885 11769.3 19938.8 
7000.92 300 1.12318 4.06754 7487.79 11620.9 300 0.178979 3.26359 18121.8 26464 
7063.19 300 1.14733 1.69186 15916.8 24904.3 300 0.905096 4.22517 21186 26455 
7133.92 300 2.36266 3.53843 15004.3 17490.8 300 3.36488 3.72431 18249.8 26480 
7149.1 300 0.545072 3.5879 7746.13 14069.3 300 0.179579 4.13581 17146.2 26407 
7153.45 300 0.572023 2.50558 24322.5 25769 300 3.73026 3.43533 25094.1 26464 
7225.62 300 1.274 3.43705 8073.22 13854 300 4.73141 0.645864 19768.8 26304 
7272.8 300 1.93888 1.59389 21061.6 26171 300 2.40064 2.88009 22247.4 26634 
7376.11 300 4.3963 2.92901 22131 26096 300 3.23963 2.34062 25649.5 26551 
7404.37 300 4.71269 4.0207 12505.1 24363 300 3.74592 3.5388 15121.6 24629.1 
7520.21 300 3.22646 3.10961 15706 22591.6 300 2.41635 2.36455 20534 26648 
7535.69 300 0.370164 4.38187 20656 25842 300 2.43622 1.48684 23736.1 26568 
7557.96 300 3.15931 2.56447 11351.6 13809.1 300 3.43741 2.64567 19927.7 26527 
7665.23 300 2.35798 3.49937 16365.3 22705.1 300 0.520556 3.13426 20502 26507 
8109.65 300 4.51543 1.40769 24147.2 25696 300 0.63474 3.27213 25143 26512 
8176.05 300 2.16539 3.45982 12502.6 15626.3 300 3.95002 2.92611 18863.4 25879.8 
8222.2 300 0.346482 2.84829 13146 25267.5 300 0.440354 3.48515 15071.4 26479 
8231.99 300 3.85237 2.58075 9439.19 21417.7 300 4.49644 1.47291 13873.1 26377 
8282.15 300 2.41399 2.627 18969.4 26245 300 1.68185 2.18628 23381.9 26647 
8527.26 300 3.72135 1.7143 10117.5 16762.1 300 3.57829 3.48699 17654.8 26477 
8740.1 300 3.10506 2.93152 14358.3 26244 300 1.99921 2.66857 18014.4 26680 
9050.55 300 3.62122 1.93316 10879.4 24093.1 300 0.621689 3.89076 13473.2 26466 
9404.42 300 3.57237 3.25346 14172.3 22750.5 300 2.99456 2.25625 19471 26578 
9470.78 300 1.31755 2.22394 12542.2 18463.9 300 2.01517 0.296856 13092 26436 
9594.54 300 2.06547 2.53661 15409.1 17919.3 300 2.20932 4.8014 17575.1 25288 
9817.1 300 0.469999 3.47673 12588 23615.3 300 0.704924 3.24419 19159.3 26521 
9905.57 300 1.16957 2.68119 17029.7 22618.7 300 0.725906 4.56603 20227.2 26409 
9963.29 300 2.40219 1.15775 15997.4 25106 300 2.00054 4.672 16775.9 26440 
9995.82 300 0.387655 3.68433 13715 25894 300 3.05284 3.65694 15871.3 26513 
10048.2 300 2.01695 3.46402 16295.4 23619.1 300 2.18172 3.06303 20089.6 26630 
10158.1 300 4.32445 3.01561 12036.4 20064.2 300 2.51994 3.39772 18630.7 26576 
10202.9 300 1.74453 2.70376 15942.2 20728.9 300 3.20981 2.8551 17000.3 26287 
10228.8 300 4.27481 2.3487 14842.8 18563.7 300 0.0921345 2.67765 16756.1 26471 
10309.2 300 1.2683 1.99506 17019.1 25122.7 300 1.93564 1.97417 19990.6 26637 
10405.5 300 1.63797 2.15387 13878.7 24950.4 300 1.82234 3.17277 21719.4 26617 
10864.9 300 3.26418 2.96502 14157.9 25539.5 300 3.07191 1.85472 15126.1 26550 
10952.3 300 4.60844 4.18163 14391.2 25750 300 1.98221 1.11642 18153.2 25035.9 
10959 300 1.44009 3.07441 22928.9 25901 300 3.26291 4.13064 24966 26453 
11001.8 300 1.60645 3.2473 15038.3 23529.2 300 3.71942 1.01 22316.7 26427 
11027 300 3.55185 1.9433 13052.6 23661.7 300 1.47207 3.03023 15036.1 26611 
11119.7 300 3.96049 3.66974 19218.9 26125 300 3.23668 3.40276 22797.6 26517 
11360.5 300 2.69403 1.71692 16805 26164 300 2.73489 2.86766 18818.1 26602 
11500.2 300 1.23297 2.99264 17420.5 21800.4 300 4.42406 2.87934 20215 26406 
11667.5 300 3.26918 0.657204 25071.1 26041 300 2.94561 2.67286 26263.1 26585 
11902.7 300 4.0601 2.36176 13849.7 17408.2 300 0.417302 3.88552 17901.4 26448 
12077.1 300 1.69946 3.24521 17542.6 22042.4 300 0.678697 2.37649 22247.6 26541 
12095 300 0.776341 2.65263 15290.3 24764.9 300 1.38901 3.9999 19982.4 24506.1 
12118.8 300 3.28772 2.92141 17968.1 25977 300 1.69707 4.05229 24759.8 26511 
12402 300 0.307923 4.52611 21613.4 26084 300 1.52997 3.08152 22397.1 26611 
12764.2 300 3.87055 3.04864 16879 21751.3 300 3.64639 3.19913 17496.6 25479.8 
13152.7 300 1.96033 2.44481 17643.8 25369.7 300 1.23652 2.40293 18499 24098.8 
13390.5 300 2.18379 2.48279 15460.1 24341.4 300 3.93381 4.83245 18986.3 26337 
13894.6 300 0.0831598 3.51326 18215.5 25600 300 3.60671 0.887434 25008.4 26427 
14609.7 300 3.81978 4.01867 15982.2 18767.3 300 0.324505 3.42239 18296.5 26471 
15006.8 300 4.17197 3.06725 15811.3 19851.9 300 0.396037 2.5566 25685 26508 
15117.9 300 3.30688 0.15236 17479 20254.1 300 0.591452 3.32047 22168.2 26505 
15150.9 300 1.17999 1.95624 18272.4 23464.2 300 1.7242 3.3232 23162.1 26596 
15621.4 300 2.18753 3.89863 16048 22850.9 300 0.814472 3.00169 18147.5 21707.4 
15885.1 300 2.71668 3.70465 23879.5 26185 300 2.82945 2.79279 25199.3 26595 
15985.4 300 3.15147 1.986 18710.1 24895.1 300 3.87931 3.29492 22168.8 26456 
16186.2 300 2.34855 1.62147 16262.3 18845 300 2.86 2.65721 23764.4 26596 
16627 300 3.18342 3.61377 20703.9 26129 300 3.51595 3.05145 26383.2 26507 
16676.2 300 0.139449 2.86734 17292.5 23980.3 300 0.166313 2.29904 19371.5 26479 
16792.6 300 3.59432 1.56752 17332.7 19041.7 300 0.257826 3.67869 26254 26448 
17281 300 2.76681 1.13715 17431.5 23883.2 300 3.29664 3.52345 21456.9 26502 
17593.7 300 3.48311 4.25503 19379.2 22469.8 300 1.90629 0.764502 20998.3 25803.8 
17687 300 1.38754 3.74398 18446 19588.8 300 0.122657 2.85513 22895.5 26471 
17722.5 300 0.73089 4.28375 17902.2 24597.1 300 2.52283 2.06967 22231.1 26619 
17749.4 300 1.25657 3.58751 20188.7 25239.7 300 3.64429 2.72145 21585.9 24782.7 
18252.1 300 4.8839 1.7064 19641.1 23887.3 300 0.639502 4.81704 22159.4 26378 
18276.4 300 3.75284 3.54905 20050.1 24098.2 300 4.38735 1.36913 22256 24927 
18850 300 3.76978 3.61753 19138 22897.8 300 3.27525 2.63829 21925.9 26547 
18944.1 300 3.12874 3.339 23955.2 26177 300 1.7487 2.78231 26099.2 26655 
19021.7 300 1.885 1.41273 21206.1 23491.9 300 0.715595 3.37441 24089.8 26514 
19107 300 2.89081 1.48851 19831.6 23932.3 300 2.44292 1.7467 20429.8 26355.5 
19239.6 300 0.09403 2.94816 20969.4 23781.8 300 3.62355 1.98874 23526.8 26496 
19264.4 300 3.80641 1.67278 25083.2 26100 300 2.02774 1.77424 26301.1 26613 
19329.6 300 2.5781 3.40004 19980 21810.5 300 2.02465 3.43065 23385.6 26589 
19331.2 300 3.2848 3.30555 20317.8 22026.4 300 0.980589 1.47326 23713.7 26527 
19387.9 300 0.0864106 2.09974 20487.4 23070.5 300 4.78592 2.95082 24820.3 26362 
19711.5 300 0.334999 3.86819 20611.4 23315 300 0.85128 2.91064 24943.1 26554 
19751.6 300 2.67898 2.78053 20388.2 25833 300 2.98062 4.02147 21308.3 26419.9 
19878.8 300 1.59747 3.40151 21263.1 22866.4 300 3.99265 3.10431 23441.5 26451 
20079.1 300 4.35013 1.34762 20284.3 22969.5 300 3.70291 3.2164 23349.9 26479 
20132.3 300 1.58417 2.62592 21640.8 22720.7 300 0.375113 2.85024 25483.5 26501 
20242.3 300 3.20733 3.67516 21255.9 22343.7 300 3.53191 3.929 22767 26449 
20259.4 300 2.35083 3.42707 20691.5 24811.3 300 2.10974 4.34656 23134.1 25569.1 
20285.7 300 3.51234 3.17773 20615.9 25471.9 300 0.616233 2.70378 22512.2 26533 
20425 300 2.33767 4.19979 21510.6 24965.8 300 1.8582 2.42886 22763 26681 
20425 300 1.61182 4.63004 22633.6 25843.4 300 1.79015 3.86806 24659.7 26534 
20612.7 300 1.12805 2.93482 20975 22412.7 300 1.10318 2.82102 23339.5 26306.2 
20841.2 300 0.0719468 3.85721 22881 23833 300 0.882581 4.36921 26328.6 26439 
20854.2 300 2.82782 3.32933 23300.5 26005 300 0.828937 2.59158 23893.2 26560 
21146 300 3.84 3.05106 21286.9 24667.1 300 3.60586 1.11442 23046.4 25061.7 
21855.2 300 3.59743 2.55471 22854.7 24110.6 300 1.04988 3.141 24977.4 26563 
22146.8 300 3.25479 2.59222 22203 24559.8 300 0.310681 4.97439 23217.4 26341 
22757.2 300 2.82409 3.1527 23563.8 24557.2 300 1.20294 2.69341 24892.5 26602 
22867.5 300 2.94004 1.23977 23717.1 24871.1 300 1.0273 2.7425 24929.8 26580 
22891.9 300 3.77972 2.83463 23627.3 25147.5 300 1.88531 3.10738 25873 26626 
23549.8 300 0.142736 3.3196 25106.1 25733 300 3.79029 2.3658 25975.2 26485 
23586.8 300 1.3811 2.85961 24245.6 25413.1 300 0.805679 2.34445 24797.3 26556 
23810.6 300 0.159828 0.235684 24538.6 25760 300 0.264534 3.54921 25422.5 26457 
23840 300 2.89057 2.52114 25722.4 25837 300 4.68577 1.81121 26257.4 26368 
24062.7 300 0.96602 1.96496 24911.4 25862.7 300 2.6484 2.36886 25861.6 26621 
24158.4 300 3.02682 2.38182 25194.6 25958.4 300 2.58769 2.5057 26087.2 26630 
24267.6 300 3.48626 3.20378 25848.1 26169 300 2.60457 3.33809 26407.1 26576 
24346.4 300 1.47358 2.39195 25207.6 26156 300 1.96806 1.48943 25963.9 26579 
-2 300 1.47358 2.39195 25207.6 26156 300 1.96806 1.48943 25963.9 26579 
