-1 0 1.98522e-314 1.43131e-318 -1.73555e+228 0 -3.10176e+231 8.35536e-314 1.04774e-313 1.25993e-313 0 
2.07739 300 2.98545 3.43377 328.975 9939.85 300 0.587294 4.26156 3871.7 13830 
59.2842 300 1.82316 1.63945 6488.33 8034.76 300 3.78514 1.16412 7695.65 13833 
74.5101 300 1.22638 4.26941 1933.34 9739.87 300 1.60928 2.17343 5646.49 14039 
105.198 300 0.0860405 2.65499 6294.05 8373.28 300 3.71742 3.7054 8275.91 13630.7 
241.14 300 3.81202 3.45954 6091.69 10146.2 300 3.56293 3.32779 9905.76 13888 
530.412 300 2.27204 1.47689 3470.81 6280.75 300 3.96501 1.01452 8474.16 13805 
686.858 300 0.929862 2.02144 11643.3 13381 300 1.88882 0.666258 12511.7 13880 
728.606 300 3.3595 2.12944 2846.06 7019.59 300 3.98857 4.41805 12402.9 13769 
729.675 300 3.22768 0.972528 767.459 3200.52 300 3.08074 0.418484 4202.67 11130.5 
813.363 300 2.05029 3.93397 4033.09 9196.4 300 3.23177 1.91448 5101.04 12394.1 
987.883 300 1.31322 1.86364 5094.1 6767.66 300 4.03166 3.03018 11550.3 13849 
1044.21 300 3.60248 1.31391 1825.47 10495.7 300 2.11013 4.48085 4269.43 13862 
1194.45 300 2.20205 3.10838 2956.1 5135.63 300 1.04409 4.12814 7235.79 12212.3 
1314.7 300 3.63246 2.87854 4757.89 10333.6 300 1.47707 1.67322 12748.8 13983 
1338.74 300 1.98779 2.61947 4220.87 10089.6 300 1.03278 3.17487 8331.49 13959 
1718.31 300 2.87208 0.868999 5528.61 12214.2 300 3.0299 0.710959 9187.16 13853 
1936.77 300 1.51686 1.7328 7332.16 12217.4 300 3.37204 4.86799 12451.3 13772 
2165.48 300 3.3376 3.71576 4665.29 11425.7 300 0.0403311 3.37215 6190.7 13843 
2200.31 300 2.10425 1.53195 6322.99 10053.1 300 1.54304 0.925537 7551.3 13904 
2364.52 300 1.79426 4.76448 8384.76 13300 300 0.740365 2.11592 9169.99 13942 
2365.42 300 4.525 4.10048 7582.58 13252 300 1.33037 2.07666 10918 14005 
2394.29 300 3.1917 4.03427 4160.88 13395 300 3.92413 4.27186 10631.9 13787 
2433.09 300 3.33789 0.041831 9857.64 13440 300 2.77059 2.09951 11592.3 13996 
2623.32 300 4.41657 1.94286 6409.06 13467 300 3.58169 2.77807 8872.8 13908 
2733.46 300 0.458867 3.24002 7238.49 12963 300 4.44761 1.51598 8786.11 13784 
2752.63 300 4.13653 1.74286 4522.19 7106.5 300 2.14072 4.49737 8541.77 13860 
2762.58 300 1.20102 1.83586 3418.06 7157.52 300 3.49967 3.43465 12434.4 13888 
2811.04 300 3.17909 2.7161 8616.55 13063 300 0.617171 4.90687 11333.1 13767 
2885.65 300 3.36954 2.73954 4139.44 7202.08 300 1.89759 3.92253 5059.65 13929 
2930.77 300 2.14439 2.81389 4067.61 5671.18 300 3.36351 0.183684 5062.58 13778 
3052.76 300 3.56183 3.66784 10475.9 12505.9 300 1.08129 4.66881 12090.4 13818 
3160.93 300 2.24722 4.90547 10093.8 12439.2 300 4.3333 3.38931 11003.8 13801 
3194.06 300 3.42817 3.46504 7508.04 13094.4 300 0.918163 3.21595 10767.8 13945 
3230 300 1.25302 3.46094 7112.84 10640.1 300 3.70924 3.74864 9992.13 13846 
3464.46 300 1.39731 1.9353 6849.47 9701.63 300 2.02152 0.748674 8901.33 13890 
3564.35 300 3.11264 1.07854 7352.15 13426 300 1.18073 1.8565 11545.8 13975 
3658.9 300 3.42476 3.74152 5486.82 13137 300 4.60946 1.34298 7548.74 13758 
3680.23 300 1.38385 2.97966 5116.02 7430.24 300 3.29331 0.141871 13130.1 13778 
3754.69 300 4.86474 2.84139 4222.2 6825.72 300 3.65738 3.00782 7762.05 13892 
3816.4 300 1.00733 3.86801 6358.38 10651.1 300 0.280775 3.43782 8805.52 13865 
4044.4 300 1.04772 2.68859 4329.61 8101.1 300 2.48107 1.3259 10233.7 13948 
4076 300 0.0667165 3.00858 4188.37 6360.7 300 0.670276 3.40568 7062.64 11046.8 
4106.65 300 2.65703 4.77979 6866.32 12126.5 300 3.85293 2.21383 9982.77 13876 
4155.15 300 1.90723 1.77005 6018.85 10924.3 300 4.60172 1.30904 7657.27 13757 
4221.7 300 1.53037 3.53214 6607.35 13518 300 1.27319 4.08379 11860.7 13891 
4248.08 300 2.00267 3.54196 7191.96 11816.5 300 1.74628 3.12728 9044.4 13498.3 
4428.12 300 1.27653 3.59358 4702 11676.8 300 3.14263 3.55818 8602.89 13914 
4487.55 300 0.219094 3.05278 6659.88 10392.2 300 3.02049 3.54152 7349.72 12415.8 
4565.57 300 0.32438 1.62013 8479.01 13333 300 0.838585 0.303129 11084.6 13802 
4599.3 300 4.83422 2.88547 6280.58 7857.1 300 1.58483 2.14598 7305.77 12231.1 
4940.15 300 1.87516 2.75689 8363.66 13214 300 0.829574 4.80781 9592.59 13790 
4962.21 300 2.12336 3.61976 12542.9 13191 300 2.42256 0.54774 13600.5 13861 
4997.28 300 0.0124471 0.925235 9754.63 13142 300 3.60068 1.59413 13491.2 13880 
5210.42 300 1.15309 3.03706 5227.92 7413.54 300 0.57253 0.845238 12190.4 13838 
5213.74 300 0.377925 4.94745 6161 9016.04 300 0.251034 3.23453 8776.38 13873 
5486.42 300 2.1921 2.3197 9298.76 13207 300 1.09498 4.67414 10164.6 13412.2 
5549.93 300 3.83636 3.06852 8596.94 10326.1 300 1.03902 2.12957 10454.5 13977 
5556.9 300 1.58707 0.947081 6285.49 7971.76 300 4.3829 3.06749 7862.74 13807 
5764.95 300 2.21428 3.04787 7678.29 13510 300 0.933875 2.61314 8694.11 12136.3 
5878.43 300 3.2122 1.05107 13285 13391 300 1.09226 1.7344 13875.2 13958 
5947.49 300 2.83816 3.43951 9426.66 13430 300 3.85007 3.45624 10970.6 13851 
6076.59 300 2.51041 3.14972 10486.2 13391 300 3.89769 3.21793 11961.8 13857 
6190.71 300 1.34861 2.27855 7086.11 10832.3 300 3.83099 3.36394 8905.37 13858 
6551.52 300 0.676642 3.0358 7546.33 12790.2 300 3.61874 3.62561 8767.67 13864 
7266.58 300 3.48278 1.33801 10024.5 11945.2 300 2.67871 2.01726 11828.7 14001 
7318.68 300 3.46859 1.36742 8621.03 13376 300 2.29953 3.53639 12218.7 13971 
8025.49 300 1.54549 2.07114 9206.5 10355.9 300 2.26464 2.63831 10074.9 12358.7 
8088.48 300 4.34528 2.86503 8328.95 12973.8 300 3.98484 3.00486 9752.95 11891.4 
8169.53 300 3.8374 0.520952 8508.94 10888.6 300 1.69238 2.97968 9698.82 14032 
8369.53 300 1.09726 3.30779 12603.8 13547 300 2.5142 2.56973 13289.5 14038 
8378.2 300 2.75912 1.91238 10312.6 13518 300 3.44484 1.71707 10978 13903 
8550.3 300 1.14091 2.97068 8708.25 12350.6 300 0.727311 2.05878 11108.3 13939 
8978.01 300 1.94348 1.99263 9984.54 11387.9 300 2.05671 2.63127 11147 14083 
9200.05 300 4.13801 2.74026 12722.6 13040 300 0.189564 1.33423 13545.6 13842 
9237.43 300 2.98455 1.7371 10711.1 13066 300 1.15156 4.85615 11673.7 13800 
9259.76 300 1.1367 4.57086 10682.6 13501 300 1.6849 4.40484 11491.1 13869 
9519.82 300 0.915761 2.63372 11947.1 13543 300 1.18018 1.67865 12484.1 13961 
9646.61 300 1.02691 3.92821 10192.9 13433 300 1.78114 1.76006 10915.8 14008 
9849.37 300 2.25838 3.63219 12501.7 13544 300 1.69185 3.95259 13329.5 13922 
9861.1 300 3.27353 3.67695 9998.16 11661.1 300 4.90666 3.29529 11714.8 13739 
9907.37 300 0.0213245 4.45288 10659.4 11707.4 300 3.52382 3.34251 13102.3 13892 
10108 300 1.99031 2.50098 10150.6 13399 300 3.6091 2.03935 10699.8 13900 
10169.9 300 0.482452 4.31286 10182 13226 300 2.75729 4.83871 11539.5 13806 
10373.6 300 1.60991 1.93775 11654.6 13502 300 2.92981 2.72094 12354.7 13986 
10470.5 300 0.36145 2.71891 11573.2 13190 300 0.198248 0.399874 12892 13768 
10622.6 300 3.2726 1.91801 12484.5 13336 300 3.93316 3.48812 13553.2 13840 
10663.5 300 2.8057 0.824112 12842.2 13303 300 0.519764 2.1063 13766.6 13917 
10836.9 300 3.60318 2.87269 12014.9 12994 300 0.390871 4.92653 13032.6 13751 
10973 300 1.07437 3.32956 11612.7 12975.8 300 0.865934 2.08698 12081.2 13956 
11048.5 300 3.82452 3.17351 12074.3 13032.9 300 3.37137 3.36931 12954.9 13906 
11135.7 300 3.71693 4.58449 11248 13180 300 0.530722 3.59845 13394.2 13880 
11365 300 0.91626 2.52071 12195.7 13256 300 1.07596 4.68223 13150.4 13816 
11700.3 300 2.41872 1.9431 11773.6 13500.3 300 2.18821 2.24042 12202.1 13871 
-2 300 2.41872 1.9431 11773.6 13500.3 300 2.18821 2.24042 12202.1 13871 
