-1 0 1.98522e-314 1.43131e-318 -1.73555e+228 0 -3.10176e+231 8.35536e-314 1.04774e-313 1.25993e-313 0 
22.8018 300 1.74502 3.22605 4260.39 9901.99 300 3.46663 2.719 7582.74 13923 
84.1107 300 3.55753 2.1121 10198.3 12278.4 300 4.18676 4.35239 13243.7 13757 
325.46 300 0.664637 3.4739 3145.88 9296.45 300 1.63834 4.3052 5910.4 13880 
597.049 300 3.98372 2.49012 5955.6 13318 300 1.03354 2.10298 9509.2 13975 
732.035 300 2.69762 4.17357 1757.02 6430.98 300 0.726511 4.12374 5137.03 11255.4 
759.987 300 2.89979 3.24689 8248.47 13611 300 3.15123 3.13594 10731.6 13943 
1115.61 300 0.375171 1.33417 9000.47 11377.3 300 2.15366 3.37332 11023.9 13994 
1222.21 300 4.78892 2.47762 1451.98 5194.26 300 3.32002 2.82029 3832.74 13938 
1298.49 300 3.76806 4.61907 10284.8 13394 300 1.68911 3.46326 12368.1 13979 
1736.32 300 3.99613 3.71611 5478.54 12285 300 2.05039 4.11182 8532.62 13907 
1768.49 300 3.27245 2.48973 3513.44 8127.43 300 0.339003 2.92897 7748.92 13895 
1796.56 300 2.21437 0.379651 7538.48 11333.3 300 0.670512 1.67337 9248.85 13913 
2057.37 300 2.89074 2.65739 7131.08 13315 300 3.32238 4.36508 7677.86 13826 
2202.82 300 0.611769 3.53571 3852.16 6098.71 300 3.43789 1.05087 12942.9 13856 
2252.58 300 2.53168 1.16597 4458.82 13276 300 3.91167 3.09098 11642.8 13860 
2315.77 300 1.83589 1.88616 3285.71 10050.4 300 1.3877 4.90719 4588.88 13802 
2359.79 300 0.361924 2.89934 2866.27 5160.89 300 3.8395 2.91673 4122.5 9156.76 
2494.05 300 0.601566 0.781167 4183.27 6039.72 300 3.55251 4.70394 8453.44 13777 
2521.78 300 3.49536 3.6883 3230.43 10333.3 300 3.67747 3.21278 3937.19 7598.06 
2599.03 300 3.99637 1.13174 3647.32 9012.66 300 0.134378 3.30942 13451.6 13856 
2620.38 300 3.50514 3.10714 12801.6 13139 300 0.186067 3.66553 13522.1 13842 
2656.76 300 0.428674 1.64774 7994.89 13557 300 1.43966 2.68534 12560.1 14030 
2744.17 300 1.06474 2.11184 6742.71 11420.9 300 4.08835 1.37309 7956.5 13816 
2771.99 300 4.81483 3.64829 6284.2 13234 300 4.64272 1.69639 12568.5 13769 
2802.82 300 4.88567 3.05596 3292.38 6522.88 300 2.11245 1.95341 11867.3 14034 
2867.32 300 2.02964 3.00117 5945.35 7214.3 300 4.20431 2.88472 8766.14 13832 
2906.86 300 2.41855 1.37121 7767.76 13271 300 0.917471 3.7184 8922.82 13905 
2913.03 300 1.31352 1.5508 5563.81 12553.3 300 0.495949 2.31696 6389.58 12998.6 
3033.45 300 2.15608 1.54606 6656.55 13569 300 2.71256 1.35756 8781.45 13939 
3069.33 300 1.58542 2.03516 4884.83 9231.41 300 2.56859 2.58915 11686.7 14031 
3087.52 300 2.93807 2.95325 4916.9 8420.49 300 1.90614 3.45642 12738.8 13985 
3323.08 300 1.773 4.04333 7371.78 12218.1 300 4.80361 3.18567 11561.2 13754 
3325.22 300 2.27816 2.49852 5230.47 7314.91 300 3.55026 2.74873 8498.21 12377.7 
3326.22 300 1.77476 3.27475 3973.15 11430.4 300 1.49639 1.59704 7678.93 13976 
3340.86 300 0.309191 1.9188 6328.59 10996.8 300 0.405851 2.90888 13018.3 13903 
3343.08 300 0.697512 2.48269 6498.79 9284.2 300 2.57161 2.2912 7986.61 14027 
3369.55 300 0.718645 1.55051 3960 6885.11 300 0.630845 4.33613 6854.5 13633.1 
3416.32 300 1.01853 2.58101 6141.81 12817.2 300 3.27684 3.58529 9001.49 13899 
3496.17 300 2.15001 1.67319 4760.2 12828.1 300 2.8148 0.792369 8787.12 13873 
3524.94 300 2.42646 2.47534 5888.62 8012.9 300 3.15701 2.1602 13176.8 13956 
3577.36 300 1.63078 4.27221 4035.52 7287.21 300 3.84594 4.86404 12141.4 13741 
3578.79 300 2.38173 4.32056 11614.7 13563 300 1.92284 3.7232 13341.8 13953 
3757.89 300 1.04369 1.77059 5164.31 9530.42 300 2.91278 2.43191 6718.78 12754 
3868.32 300 1.69713 4.62399 6284.57 13170.7 300 0.77133 4.03995 8655.59 13864 
4142 300 0.976082 1.55125 6004.53 9275.4 300 0.299741 1.90918 9841.33 13885 
4178.91 300 2.10107 3.40698 6451.26 12883.1 300 3.91455 0.333509 8343.04 13419.5 
4360.7 300 1.24385 3.75193 5288.24 11443.6 300 3.31873 1.46612 6972.89 13899 
4672.5 300 1.68193 1.26342 4990.99 8202.03 300 2.76346 3.64545 9060.19 13935 
4778.34 300 0.95699 3.42942 6742.55 8369.95 300 1.62825 1.3697 9300.24 13958 
4799.63 300 3.82251 2.42438 7532.43 12686.4 300 3.50566 0.824838 11321.6 13830 
4857.36 300 1.84797 1.39243 5950.33 9960.25 300 2.32555 1.82759 9225.71 14011 
4932.59 300 4.68537 3.0706 11639.2 13382 300 1.62265 2.62044 12900.7 14053 
4955.94 300 1.36692 0.61785 5216.2 7980.23 300 0.834003 4.13366 9737.76 13860 
4965.78 300 2.14026 4.39112 9328.75 13270.1 300 3.67049 3.67896 10614.1 13855 
5008.79 300 3.20223 4.34447 6003.24 8186.4 300 0.696796 4.55513 7671.12 13808 
5095.81 300 2.79319 1.13233 5508.19 12518.2 300 0.652832 3.95058 12339.4 13863 
5160.56 300 1.89959 2.46606 9120 13500 300 0.802845 1.97565 10676 13944 
5193.2 300 1.21482 3.90268 8021.86 13598 300 1.84892 3.31102 12588.5 14002 
5303.45 300 4.91412 2.45927 9119.35 10215.9 300 4.35341 3.42462 10395.5 13797 
5457.88 300 3.72691 2.55752 7634.39 11256.2 300 1.61974 1.81707 13154.8 14007 
5526.11 300 3.07144 3.27735 9214.8 11588.7 300 0.495903 2.87607 10249.9 13914 
5721.71 300 1.01475 4.14598 8014.39 12463.6 300 0.649058 4.8686 10753.2 13738.3 
5889.22 300 2.16409 3.74001 13580.9 13650 300 2.14137 3.72442 13923.7 13953 
5927.95 300 0.137873 4.56877 6423.01 8579.11 300 2.22438 0.930884 9480.98 13910 
5935.99 300 2.44676 4.41137 9039.59 10269.3 300 2.1041 2.88236 10065.9 14053 
6086.38 300 3.12976 1.60487 6566.71 10780.2 300 2.51551 2.2869 7201.99 12045.7 
6110.01 300 1.5907 2.68928 6828.61 12708.9 300 0.587184 4.15655 8147.6 13155.8 
6136.34 300 0.650849 2.87778 8548.2 12964 300 3.65158 4.90083 9454.58 13751 
6319.39 300 3.23535 3.24864 7467.77 11230.4 300 2.84002 1.33006 10341.9 13735.1 
6319.85 300 0.100339 4.25239 8616.9 9786.59 300 0.563899 2.25444 10778.8 13926 
6619.48 300 0.667346 3.57184 7611.63 9462.07 300 3.71922 2.77478 8309.82 13892 
8306.83 300 2.68176 0.162542 13026.5 13349 300 3.15364 2.71568 13660.4 13960 
8738.4 300 0.523473 3.71373 10792 13182 300 3.767 2.82987 11759.2 13885 
8771.58 300 0.31832 1.66674 9512.56 11493.3 300 4.35875 3.1383 13083.7 13807 
9351.87 300 3.04257 4.06703 11344.2 13274 300 1.6285 1.28399 12850 13948 
9359.15 300 3.93718 2.68024 11217.9 13387 300 4.69107 2.66201 12311.1 13777 
9406.98 300 0.692342 1.74253 10043.5 13120 300 3.98137 3.16836 10928.7 13081.6 
9486.07 300 3.96819 1.65437 10341.2 13149 300 0.607377 3.39131 11742.6 13421.4 
9646.98 300 3.38076 2.6614 10890.4 13105.9 300 2.90918 3.27606 11321 13709 
9863.5 300 2.76034 1.52883 11106.7 13345 300 0.657362 2.7537 12389.4 13937 
10020.2 300 3.63913 4.38484 11425.2 13010.3 300 2.37379 0.330641 12338.9 13836 
10066.7 300 2.98475 3.61714 10995.5 12693.6 300 3.798 2.93627 12096.6 13878 
10234.9 300 0.130881 4.59232 12414.8 13369 300 2.06282 4.10685 13904.6 13908 
10256.1 300 3.99322 2.82082 10811 13557 300 2.55804 2.72 12194 14029 
10302.4 300 1.53643 4.49786 11639.1 13336 300 0.121576 3.89384 12345.7 13820 
10303.9 300 2.50476 1.87649 12667 13154 300 0.341734 4.08821 13398.2 13825 
10672.2 300 3.48533 2.26354 11320.4 13249 300 2.15561 4.49627 12854.7 13860 
11143.5 300 1.53975 4.25978 11289.3 13416 300 2.12194 1.81723 12886.3 14017 
11489.9 300 3.36334 3.19307 11883.9 13289.9 300 2.87932 2.20219 13256.7 13989 
11823.2 300 3.24661 2.49127 12010.3 13623.2 300 2.18791 2.74271 12491.2 13554.5 
-2 300 3.24661 2.49127 12010.3 13623.2 300 2.18791 2.74271 12491.2 13554.5 
