-1 0 1.98522e-314 1.43131e-318 -1.73555e+228 0 -3.10176e+231 8.35536e-314 1.04774e-313 1.25993e-313 0 
4.56724 300 1.12523 2.03414 6258.67 13542 300 1.45854 1.28006 9401.68 13940 
34.1638 300 2.75751 1.78807 3857.1 8322.59 300 1.55394 2.5504 4338.53 8770.42 
51.7457 300 1.83465 1.28593 823.884 5724.3 300 0.747534 4.54007 4242.88 13813 
181.576 300 1.09723 4.80834 4441.46 12380.9 300 0.589624 4.17161 7143.14 13838 
299.488 300 2.30732 3.16054 1825.96 8631.46 300 3.61045 3.96137 7766.13 13840 
309.603 300 1.95553 3.43345 3314.48 5629.68 300 2.1533 2.56824 7294.01 14080 
358.433 300 1.09654 2.52143 4446.39 8521.13 300 1.40817 3.78103 5129.04 13931 
859.566 300 1.59994 3.0263 6127.74 8926.01 300 2.28593 2.68247 7815.1 13969.8 
890.519 300 3.16767 2.83413 7042.47 10110.5 300 2.97304 1.97518 12244.4 13968 
1014.06 300 3.39337 0.565118 6931.14 13076 300 2.17223 4.45448 10978.2 13865 
1196.58 300 2.19711 1.54391 4928.67 13058.5 300 1.13316 3.90733 8773 13902 
1271.03 300 3.35979 0.245084 2562.54 11237.2 300 3.33505 3.07498 7793.52 13926 
1467.52 300 0.0928705 3.50535 5311.25 13040.8 300 1.61184 2.87902 8143.26 14035 
1530.75 300 1.55516 4.75507 5190.24 7278.23 300 1.08046 3.91249 7142.12 13898 
1810.3 300 1.63606 3.13099 7565.88 13106 300 4.45541 1.64146 10044.7 13788 
1908.09 300 4.85436 3.46933 3489.61 5185.15 300 3.28117 2.71151 4864.98 13945 
2039.98 300 1.65023 1.64611 2535.71 7734.64 300 0.066605 1.32974 4722.82 10169.2 
2271.89 300 2.23587 1.70972 5879.35 7147.73 300 1.50789 1.79517 7298.64 13976.7 
2375.66 300 1.3602 0.718485 6012.1 12083.1 300 1.62377 3.11692 8939.41 14014 
2445.83 300 2.07298 1.7915 8905.43 13371 300 1.46461 3.8444 11217.2 13927 
2553.6 300 2.80004 2.64694 2948.04 9514.96 300 3.26041 2.56372 3385.39 9838.07 
2701.54 300 1.73182 1.62299 6755.64 13179.4 300 3.91311 3.50015 8975.38 13841 
2919.6 300 1.95173 3.60438 4751.84 11394.3 300 0.832534 3.66189 7446.85 12840.9 
2935.16 300 3.44754 2.45 4742.51 13401.2 300 3.52801 2.92617 5424.05 10737.2 
2955.48 300 3.15694 2.31524 8393.43 13155 300 0.493836 4.0872 10266.1 13838 
2973.69 300 1.8777 3.89511 13273.1 13284 300 3.88304 2.51843 13874.3 13875 
3093.79 300 0.643859 3.29784 8222.5 9995.88 300 2.06841 3.05958 9432.34 14033 
3378.75 300 0.79639 3.11851 5572.72 10224.6 300 2.57005 1.66711 6813.97 12943.8 
3405.62 300 0.719328 3.00704 5806.14 8188.33 300 2.47787 0.765807 8930.48 13885 
3475.69 300 1.66639 2.79689 5825.13 13404 300 0.254508 2.18122 7609.67 13888 
3735.38 300 3.6129 0.536647 5986.93 7518.67 300 0.867835 2.05693 8844.14 12490.3 
3971.01 300 3.46014 3.34062 8469.16 11728.6 300 2.59107 4.76365 9339.01 13820 
4208.73 300 0.735374 3.08697 12838.3 13450 300 2.26807 3.73483 13453.9 13949 
4406.14 300 1.61219 3.53017 9661.64 11686 300 3.89485 2.22055 11223.4 13871 
4444.36 300 3.89863 1.33438 8320.62 13349 300 1.4584 3.05833 13021.5 14007 
4451.98 300 1.60131 4.47349 7017.77 12720.4 300 0.645179 1.81051 13547.4 13918 
4583.08 300 0.701745 4.69322 12127 13263 300 0.494072 1.85773 12944.9 13904 
4890.96 300 0.0508803 4.14943 9159.04 13146 300 3.53014 3.71907 10579.9 13866 
4899.2 300 3.5206 2.71964 5658.54 11073 300 3.78255 3.50184 6192.16 10683.7 
4957.86 300 2.43684 1.568 8240.76 13248 300 1.18334 4.09339 9671.03 13621.9 
4973.7 300 0.503042 4.12632 7225.33 12500.7 300 3.96989 2.6888 9941.51 13863 
4999.3 300 2.69051 3.12838 7792.99 11727.3 300 3.26293 2.19102 12126.7 13944 
5061.89 300 3.35215 3.3385 8421.36 9813.82 300 3.45368 2.38348 10571 13925 
5152.23 300 1.8295 3.387 7164.51 8440.92 300 2.80269 4.6658 13341 13823 
5162.76 300 3.68291 1.95155 9004.54 11125.9 300 1.19765 2.21271 12026.6 13998 
5172 300 1.45405 4.16726 5290.57 9652.43 300 1.46703 4.95686 8559.03 13799 
5279.02 300 4.1238 4.29144 12998.4 13312 300 2.0651 4.50524 13723.1 13860 
5290.36 300 0.882344 3.56811 6118.65 10825.1 300 0.0311565 2.59501 8805.76 13797.7 
5418.51 300 0.90532 3.64331 7689.76 12172.8 300 4.7977 3.07359 9281.79 13758 
5419.63 300 2.40861 3.44948 6785.42 13020.5 300 0.700474 2.81071 10089.7 13614.9 
5532.23 300 3.53155 3.91624 7348.92 12720.6 300 1.90016 4.34605 9891.98 13174.9 
5583.17 300 0.620069 2.60497 8770.73 13221 300 3.68991 2.13788 10190.3 13893 
5602.24 300 3.914 2.87775 7458.01 13565 300 3.32777 2.86456 8580.19 13935 
5622.89 300 2.53873 3.08893 12267.3 13540 300 3.26187 2.53505 12971.1 13949 
5878.31 300 2.50103 3.52081 6634.06 13111.8 300 0.963365 3.55755 8578.95 13923 
5962.79 300 3.12257 3.4109 8475.9 10089.2 300 1.42695 1.4939 9706.82 12605.9 
6016.14 300 3.95111 1.90407 12348.9 13259.8 300 4.28402 3.5205 13184.2 13800 
6063.67 300 3.09892 4.83141 13071.4 13339 300 1.04483 2.9132 13781.5 13976 
6163.85 300 2.55949 3.16954 9525.27 13520 300 3.40148 2.90361 12168.4 13925 
6241.5 300 2.36376 2.30233 8293.44 13403 300 0.723725 1.62367 11135.8 13915 
6692.96 300 2.70983 1.59684 8356.41 10115.8 300 4.6067 4.61433 9115.16 13698 
7945.79 300 0.20205 2.31246 9645.09 11139.9 300 1.04463 1.29335 10851.5 13916 
8753.49 300 0.505541 2.96928 9400.49 13051.7 300 1.65792 0.00618696 13554.1 13798 
8754.49 300 2.22787 1.42292 11400.7 12502.3 300 3.0045 3.61386 12484.2 13921 
8839.64 300 2.67285 4.43456 10854.1 13154 300 4.26143 1.84912 11973.6 13818 
8871.52 300 0.162498 2.85824 10227.6 12549.2 300 4.49168 2.04503 11674.5 13797 
9145.54 300 3.2007 2.37056 10369.1 11095.4 300 3.46546 3.0841 10992.8 13162.2 
9303.11 300 3.66118 2.55549 10231.4 11103.1 300 3.8553 0.976352 11620.9 13608 
9304.84 300 4.36485 2.88707 9696.36 12648.7 300 0.602508 3.35347 11270.6 13005.3 
9442.69 300 2.59621 2.49386 9905.8 12359.1 300 1.52452 1.8196 11285 14001 
9589.94 300 4.24026 1.25037 9852.42 11389.9 300 1.31589 2.10159 11565.7 14006 
9801.67 300 1.79077 4.22212 11218.2 12371 300 4.45433 1.26688 12604.7 13771 
10034.3 300 2.84809 1.80245 13015.8 13254 300 0.183318 1.97967 13665.6 13874 
10035.6 300 2.74025 1.0198 10598.3 12776.7 300 2.80761 2.75031 13985.3 13999 
10068.8 300 1.22355 1.5483 11093.1 13462 300 0.327133 2.25213 11546.8 13898 
10346.7 300 0.0346374 3.82705 10625.7 13203 300 3.37593 2.48212 11760.2 13935 
10392.7 300 3.31229 3.39254 10713 13040.6 300 0.34068 1.64757 11613.3 13728.3 
10789.2 300 1.02535 4.68251 10881.1 12589.2 300 4.59454 0.248823 13274.3 13688 
10790.9 300 1.05463 3.88269 10987.2 12590.9 300 0.552222 0.462136 12614.7 13801 
11413.6 300 3.63458 1.36256 11561.3 13423.9 300 1.8107 1.454 13554.5 13973 
11547.7 300 1.68604 1.90979 12129.7 13667 300 1.52704 1.7469 13533.9 13994 
11552.9 300 3.24246 2.77926 11712 13352.9 300 1.90361 3.51549 12313.1 13429.1 
11628.6 300 1.38827 3.43288 11976.8 13428.6 300 0.621031 2.99727 12453.4 13925 
11686.5 300 1.84135 1.53865 12400.1 13584.2 300 1.25735 2.03111 12928.4 13995 
11775.6 300 3.75747 2.68272 13249.1 13577 300 2.82785 2.29018 13675.5 13998 
-2 300 3.75747 2.68272 13249.1 13577 300 2.82785 2.29018 13675.5 13998 
