-1 0 1.98522e-314 1.43131e-318 -1.73555e+228 0 -3.10176e+231 8.35536e-314 1.04774e-313 1.25993e-313 0 
77.6117 300 2.02896 0.00269026 5579.43 13209 300 3.34992 3.16518 8090.61 13920 
181.769 300 0.497742 4.32455 457.037 3161.34 300 3.20478 3.0379 3569.33 13942 
207.862 300 0.513495 2.88503 13108.4 13464 300 2.21363 1.7611 13694.7 14008 
215.91 300 2.9146 1.73744 11966.3 13259 300 3.30588 0.0460651 12872.5 13767 
1002.01 300 0.617729 4.60778 5473.54 8461.24 300 2.72192 1.5461 6261 13957 
1013.85 300 3.12566 4.57524 5614.49 6954.95 300 3.0299 3.23328 13003.3 13949 
1117.72 300 2.64506 2.48048 6115.48 11863.8 300 0.232202 3.04891 12153.7 13878 
1125.45 300 0.935391 4.07626 1438.5 4629.96 300 3.47116 2.98991 3485.24 12933.9 
1137.75 300 4.85206 4.00398 7205.32 13394 300 2.66465 3.4155 10362.7 13965 
1388.22 300 1.90458 3.42133 10177.5 13388 300 3.0954 1.70737 11986.7 13938 
1451.7 300 1.04849 2.48163 5551.03 13132.4 300 2.25915 3.47692 7048.61 11700.2 
1545.73 300 0.316559 4.64069 7816.29 10861.8 300 3.62578 1.2368 10002.7 13853 
1666.2 300 0.00874881 2.29842 8826.18 10810 300 1.641 3.92154 10722.5 13925 
1686.75 300 3.69488 4.10122 7958.38 11393.1 300 3.51949 0.07619 11134.2 13757 
1722.06 300 2.65655 4.30126 4244.16 7150.72 300 2.91112 3.77109 8500.1 13913 
1820.1 300 1.04558 3.20451 4078.99 13121 300 4.18498 1.89768 6900.79 13829 
1828.72 300 3.49233 3.68263 7320.61 10729 300 1.40031 4.26277 10438 13877 
1975.6 300 2.46828 2.59209 6123.08 12021.9 300 3.01202 3.41434 9602.15 13937 
2443.87 300 2.98751 1.40242 4516.56 10574.8 300 1.4306 1.3251 9301.02 13944 
2461.29 300 2.20738 3.46127 4584.68 11744.9 300 4.23295 2.92408 9158.68 13828 
2540.51 300 1.86766 4.09726 3838.04 10110 300 1.02034 2.01412 5923.34 12065.7 
2548.16 300 4.00622 3.40262 11156.7 13243 300 0.863144 2.04275 12795.7 13953 
2595.44 300 1.02879 2.48864 6871.51 13124 300 3.92331 1.04853 9641.99 13679.2 
2624.78 300 3.29793 3.74067 12744.4 13387 300 2.22423 1.5297 13511 13981 
2698.73 300 1.69158 2.93543 4677.27 7445.13 300 1.78421 1.85036 7320.69 12990.3 
2767.12 300 2.19466 3.16853 5414.82 11387.5 300 0.313436 4.65741 7812.98 13772 
2834.74 300 2.6979 1.02686 4402.78 6573.08 300 4.96284 2.62923 7195.11 11525 
2915.76 300 2.90623 2.77052 3463.91 8400.58 300 2.0077 3.09221 5407.27 11559.5 
2992.08 300 4.22566 1.95916 7344.37 13214 300 0.773925 2.93793 8696.11 13944 
3000.89 300 0.474727 1.66757 6797.31 10371.5 300 0.478698 3.73064 7958.02 13866 
3295.34 300 3.28446 3.02176 6591.26 13276 300 2.20737 4.79526 8446.91 13824 
3310 300 0.395419 0.531187 6537.8 8586.97 300 4.49273 2.55755 12014.9 13801 
3312.78 300 3.16887 3.43751 4378.43 7126.68 300 2.9568 4.96692 7094.14 13783 
3340.24 300 3.54915 3.39393 7310.47 13171 300 0.392255 3.79991 10897.5 13852 
3523.95 300 3.73797 4.56335 8319.74 12929.4 300 0.664632 3.24458 9370.65 13917 
3654.1 300 3.48841 3.35235 6765.88 9262.16 300 1.5138 2.86733 10411 14027 
3866.22 300 3.59271 2.55555 8326.4 13210 300 0.339597 2.36368 9566.36 13901 
3939.76 300 3.1853 3.42624 5769.77 8260.34 300 1.86791 2.83232 6722.32 14058 
3949.59 300 2.63297 1.89477 6543.56 9167.51 300 2.84705 3.38482 9798.97 13954 
4012.05 300 3.61954 2.32092 7095.91 12827.7 300 1.68575 4.12337 8781.78 12278.4 
4057.63 300 2.94653 2.27479 5377.4 11280.6 300 3.76928 3.01905 8881.25 13879 
4200.38 300 4.10129 2.47504 7611.12 13544 300 2.21999 2.37956 11861.1 14070 
4205.27 300 3.96662 2.24608 6466.96 13506 300 2.34151 1.80578 9614.27 14008 
4330.82 300 4.63373 1.61503 4514.52 8208.62 300 2.04836 1.09368 5322.17 13932 
4413.5 300 3.4958 2.6782 4829.16 7402.57 300 3.45132 3.7828 8442.38 12038.3 
4459.55 300 1.46532 4.32613 7917.88 13019 300 2.32394 0.212998 13575.6 13823 
4520.91 300 2.58031 4.94501 5722.25 8361.51 300 2.23116 2.66318 7002.38 11477.1 
4604.32 300 0.91771 2.77508 9939.01 13275 300 3.10618 1.21497 12009.9 13897 
4606.79 300 0.789191 3.60132 8003.89 10649 300 0.682814 2.19463 10649.2 13938 
4608.2 300 0.285737 3.99082 5972.58 13134 300 3.19913 4.74533 7284.01 13795 
4619.85 300 1.30705 1.52209 7919.3 13491 300 0.907111 2.88749 9364.4 13961 
4809.17 300 1.05791 3.49158 7029.5 8865.22 300 4.72997 3.4658 13745.2 13753 
4850.34 300 0.0319956 4.34086 6217.66 10364.5 300 0.148156 3.45532 13837.5 13850 
4955.5 300 2.53598 2.80366 5661.19 11459 300 2.47928 0.83627 8612.07 13893 
5021.17 300 3.02465 0.203267 6152.94 9879.68 300 1.95113 4.45517 12917.8 13866 
5198.36 300 1.70062 3.41302 8349.76 10597.5 300 1.9794 4.00434 10424 13920 
5219.01 300 0.668944 2.62959 10362.9 12303.6 300 4.14671 4.43865 11588.2 13753 
5332.77 300 0.608577 4.71177 12436 12955 300 3.93099 1.2836 13526.9 13827 
5334.1 300 4.5668 1.39353 7657.81 13269 300 1.15827 2.04099 10190.7 13985 
5387.91 300 1.86733 1.31091 7996.08 13282 300 2.14867 4.05915 9648.93 13723.6 
5542.53 300 3.83001 1.02008 8329.6 10345.1 300 1.74578 3.68835 10255 13955 
5730.94 300 2.64281 3.74817 6324.18 9646.33 300 3.17971 3.56559 10835.5 13910 
5744.51 300 1.18321 3.35478 7186.21 9692.24 300 1.89046 4.12742 9412.9 13905 
5864.19 300 0.959862 2.28656 9882 11617.9 300 1.88842 2.61294 11210.8 14081 
5894.57 300 2.32902 1.86814 11566.7 13540 300 1.14601 2.0196 12249.5 13983 
5999.09 300 1.6738 2.00871 9138.05 13509 300 2.65151 1.40206 9984.51 13795.6 
6005.05 300 2.82312 3.59032 8793.43 12818.4 300 1.66793 2.55229 11524.1 14060 
6155.86 300 2.7648 2.07424 8794.45 13094.6 300 3.65264 3.43284 11481.9 13873 
6201.3 300 3.28475 1.9907 9209.74 13364 300 0.934213 1.79288 10468.1 13947 
6234.52 300 1.54803 3.92839 8137.62 13238 300 3.93105 2.53844 10586.3 13869 
6255.83 300 0.943143 2.71956 9388.62 13360 300 3.21478 2.03015 11047.4 13944 
6333.59 300 4.93593 2.88922 7169.38 10554.2 300 2.95897 2.97392 9194.94 13201.4 
6379.39 300 2.15778 3.5429 6734.73 12471.4 300 4.37987 4.14996 10204.9 12721.5 
6587.98 300 1.02122 1.5905 7463.74 9927.55 300 1.26418 1.91931 9282.38 11707.8 
6588.16 300 0.0863312 3.84805 7287.06 12168 300 1.90791 1.54067 10603 13985 
7593.04 300 3.34914 2.54164 11701.1 12914.9 300 0.0944808 2.92131 13069.6 13866 
8419.82 300 3.50691 4.99742 9883.43 13350 300 3.88043 3.3325 10674.2 13854 
8496.39 300 2.87942 2.21457 10719.7 13193.3 300 1.23963 2.63393 11349.7 13976.7 
8636.73 300 4.43992 2.0822 12266.1 13327.7 300 2.5859 3.13447 13858.7 13997 
8659.43 300 3.33675 3.10586 9568.46 13511 300 1.61238 3.07864 11528.3 14017 
8727.06 300 4.34119 4.79134 10323.7 12232.2 300 3.21456 2.60884 12156.8 13954 
9087.19 300 4.79565 1.75012 10612.1 12033.2 300 3.16958 4.05732 12200.7 13867 
9110.34 300 0.822288 3.39977 10926.2 13415 300 0.201817 2.16013 11957.4 13881 
9164.39 300 1.24312 4.62523 9165.1 10964.4 300 1.25694 1.61431 12193 13962 
9281.17 300 3.49693 4.21973 10404.4 13318 300 2.95528 1.57772 11910.6 13515.7 
9284.12 300 1.81141 1.33793 10620.4 12430.4 300 2.54668 4.09202 12443.2 13899 
9369.29 300 3.08967 3.47052 10757.1 11787.6 300 0.26639 3.16069 11934.5 13878 
9400.37 300 2.75001 0.33991 10009.4 13182.5 300 3.579 1.22094 13028.5 13857 
9635.74 300 1.12163 3.94429 10586.7 11435.7 300 2.46881 1.71911 11765.4 13991 
9888.09 300 2.70687 2.50224 12681.1 13421 300 1.33759 1.31463 13718.5 13938 
10493.5 300 1.40724 3.98066 11030.8 13457 300 0.894352 2.31387 12595.6 13966 
10562.3 300 3.56366 2.91708 11432.5 12634 300 1.69363 0.663006 12359.8 13703.5 
10994.5 300 0.169367 4.15273 11084.3 12794.5 300 0.301087 2.02567 12191.1 13889 
11577.3 300 2.12293 2.77774 11766.4 13465 300 2.42058 1.28814 12924.1 13947 
-2 300 2.76195 1.50368 11830.5 13460 300 2.73954 3.27677 12924.1 13947 
