-1 0 1.98396e-314 1.9478e-318 0 2.122e-314 -3.10037e+231 8.35536e-314 1.04774e-313 1.25993e-313 0 
3.91469 300 3.85986 1.03242 4798.64 13231 300 1.42196 0.356047 8043.45 13834 
378.727 300 4.59067 3.33724 2377.25 6492.57 300 4.72664 4.93085 8235.03 13662 
378.972 300 2.27945 1.30619 9217.78 12611.2 300 4.5594 2.41417 11673.8 13793 
644.158 300 4.39106 3.80964 4914.3 10667.6 300 2.48766 2.78424 5972.1 12431 
1184.75 300 2.8248 1.48184 6972.62 13444 300 3.75757 1.45339 11939.7 13855 
1309.09 300 3.25635 0.896472 2273.57 6999.26 300 0.383229 2.74681 7340.77 12552.5 
1499.06 300 0.594232 3.24588 5505.74 10531 300 2.77269 4.26784 11675 13869 
1525.23 300 1.09353 2.82035 4133.33 13036.3 300 1.8661 3.28789 6634.89 14005 
1718.17 300 3.04244 3.54502 5300.49 11812.3 300 2.09697 2.78928 8416.42 14064 
1820.32 300 2.26211 2.50872 6377.39 13248.3 300 3.49289 2.25231 7176.46 13919 
1924.27 300 4.80624 1.27889 3217.15 5863.22 300 3.0249 2.29679 5156.02 9614.69 
2015.09 300 1.08096 3.46259 4266.52 10629.8 300 0.259404 1.89894 7691.32 13880 
2101.98 300 3.80255 4.18181 4443.77 8650.94 300 3.49701 3.36687 9767.11 13893 
2350.79 300 1.43183 1.93471 9743.3 13515 300 2.87446 2.28967 11364.9 13993 
2385.95 300 3.11106 4.67412 4592.64 11279.3 300 0.879861 4.16179 12299.5 13860 
2413.63 300 3.04739 2.5867 6487.9 12614.8 300 0.589107 3.29469 9439.38 13906 
2671.38 300 3.45447 2.84787 4933.26 7696.82 300 0.416789 2.05879 6413.39 13426.3 
2705.57 300 0.791207 2.8836 8202.22 13640 300 1.53075 2.8823 9729.2 13519 
2705.85 300 3.29052 2.57027 6396.52 10420.2 300 1.98965 2.00192 8761.18 14041 
2738.61 300 0.888292 2.01805 10859.4 13512 300 0.737529 3.04446 12915.8 13936 
2770.21 300 1.20804 4.43572 12068.6 13338 300 2.96349 2.20062 13313.1 13979 
2884 300 3.53005 3.64576 4054.38 7437.71 300 2.13422 3.74605 9492.74 13839.9 
3053.69 300 3.96981 2.82447 12526.3 13508 300 2.93579 3.36598 13247.7 13948 
3195.54 300 1.48099 2.55257 3508.62 6751.81 300 2.34741 1.85557 5080.8 10031 
3201.21 300 0.321875 4.89887 5296.71 11445.2 300 3.53248 3.00668 12539.7 13907 
3317.81 300 1.72676 3.13128 5449.13 12045.4 300 2.37167 0.928582 6541.62 13907 
3432.45 300 0.0160836 4.85829 4503.17 10337.1 300 0.832569 4.37045 8624.43 13836 
3614.95 300 1.48013 1.76005 8325.03 13691 300 1.92783 2.27827 13254.9 14073 
3642.52 300 2.54829 1.60953 4166.94 5442.52 300 0.0179953 2.23258 8742.73 12139.9 
3801.17 300 2.76321 2.21817 8155.36 13450 300 3.83675 2.39182 9920.68 13880 
3840.07 300 3.98601 3.09122 4731.46 11452.3 300 1.27509 4.53391 10310.4 13841 
3931.37 300 4.22428 2.04485 8927.83 13049 300 0.284505 3.59279 11197.9 13856 
3963.52 300 2.85758 4.23567 4579.11 10228.2 300 2.59099 3.39868 6896.24 13971 
4119.87 300 1.88718 0.725593 8929.69 13194 300 3.17339 3.78337 11508.3 13892 
4267.75 300 3.40503 1.39652 9729.89 13582 300 3.25805 1.39003 10338.9 13899 
4288.01 300 1.61457 2.47839 7900.28 13574 300 1.76349 3.41155 8506.95 12256.1 
4307.11 300 1.91568 1.43999 6806.29 13314 300 1.47006 3.93194 9877.49 13840.3 
4309.52 300 3.15443 2.35888 5278.25 11917.2 300 1.47977 4.94875 8374.9 13800 
4394.91 300 2.50084 2.15982 11764.5 13310 300 0.50447 3.39268 12553 13891 
4538.24 300 3.01426 2.52916 7493.17 11931.6 300 1.46738 4.434 8768.11 13485 
4547.78 300 3.42895 2.80643 7665.97 12757.4 300 1.36042 4.20954 9680.7 13881 
4684.48 300 0.0460423 2.33076 7864.67 13317 300 1.08478 4.1782 9289.12 13871 
4735.84 300 0.931169 2.73998 6680.14 12309.3 300 3.92197 2.10719 8728 13579.6 
4826.33 300 4.32463 1.85956 7878.96 12520.1 300 2.22962 2.32239 10265.8 14066 
4848.45 300 2.7881 3.72012 9113.35 13115.2 300 2.65987 4.0351 9615.03 13900 
4941.25 300 1.88436 3.37051 5427.42 10275 300 1.76761 4.57059 6333.93 12253.6 
4960.52 300 3.97008 0.577969 7218.49 8857.79 300 1.35772 2.3764 9717.15 14022 
4979.16 300 4.47095 2.26034 5301.08 7470.65 300 2.43527 3.03034 13311 14018 
5039.61 300 0.867899 3.22924 8253.18 13397 300 0.239893 1.86776 11803.6 13876 
5195.33 300 3.35777 1.51438 7870.65 9142.74 300 3.20365 3.70984 10514.5 13896 
5258.61 300 4.92804 4.05485 6860.1 11239.1 300 0.440484 2.83721 10409.3 13909 
5528.83 300 3.76421 2.81869 8816.5 13292 300 4.99674 2.72843 11004.4 13740 
5554.87 300 1.74248 3.15431 9052.34 13442 300 0.845375 3.91239 9586 13882 
5579.08 300 2.65733 2.32622 9480.71 12717.3 300 2.86294 2.27052 10351.9 13993 
5752.45 300 3.26893 1.66969 7019.71 12552 300 3.68239 1.2134 7760.65 10671 
6018.46 300 4.98203 1.27666 10330.9 13053 300 0.695239 1.06894 12660.8 13868 
6029.98 300 1.03736 2.14686 9321.54 13250 300 3.65728 1.56246 13558.1 13872 
6114.67 300 0.275971 4.71694 6329.95 11702.2 300 4.61199 3.62105 9774.85 13759 
6146.87 300 2.08333 0.727145 9371.28 13179 300 0.123773 3.2209 11207 13859 
6237.97 300 0.419085 4.396 9189.44 12951 300 4.35823 1.91669 10656.2 13809 
6374.24 300 3.32043 3.01419 8159.88 10434.4 300 1.53251 3.43691 9197.09 13239.7 
6539.99 300 2.43478 0.0159107 9195.01 13073 300 1.699 4.24842 11101.8 13888 
6577.93 300 4.11922 4.85397 7009.3 12660.5 300 2.25938 2.69734 11216.3 14061 
6727.73 300 2.09824 1.02516 9194.73 13437 300 3.09016 2.67588 11603.1 13968 
6823.64 300 3.33823 2.34174 7706.43 8636.68 300 3.89612 2.65397 12561 13872 
6987.34 300 0.937753 3.46798 10131.5 13592 300 2.11374 2.40058 11255.1 14082 
7044.1 300 1.20198 1.27853 9559.54 12490.3 300 4.98212 3.67543 12760.8 13716 
7219.47 300 1.551 1.63767 8629.82 12307.4 300 4.66542 1.89811 11420.7 13773 
7867.77 300 4.25377 4.98361 12011.6 13195 300 1.559 1.76817 12894.7 13998 
8043.2 300 3.99482 2.75609 10208.4 13099 300 0.957453 4.56805 11120.9 13811.3 
8159.48 300 3.15617 2.37172 9959.28 11984.7 300 0.912585 1.54247 11057.7 13927 
8340.11 300 4.82602 3.39411 13200 13287 300 2.09485 3.98618 13905.2 13922 
8352.61 300 2.16902 2.7903 8609.46 10917.2 300 3.18178 3.89441 11143.8 13821.5 
8419.8 300 1.72702 3.60515 8433.82 12951.8 300 3.18448 2.78358 10655.7 13720.1 
8426.75 300 0.209652 2.58446 10215.6 13531 300 0.782639 3.20281 13646.2 13932 
8426.93 300 2.18628 2.74489 9966.65 11500.4 300 2.44504 1.93952 11273.4 13472.7 
8472.16 300 0.595282 3.22881 9851.22 11166.4 300 4.04586 2.2829 10926 13854 
8474.99 300 3.02496 2.63185 9900.99 13502 300 3.75229 2.6588 12035.8 13889 
8479.48 300 0.704757 3.90868 10335.6 13244 300 3.56436 2.98847 11570.4 13904 
8500.21 300 1.80611 1.72432 10621 13320 300 3.56453 3.19489 11529.1 13895 
8574.2 300 0.410996 1.15731 12412.6 13373 300 2.72609 1.50617 13679.2 13953 
8618.61 300 0.959601 3.02406 9509.21 10418.6 300 3.3024 3.73266 11734.5 13885 
8650.24 300 0.849594 1.98945 10600.7 11180.8 300 1.28381 1.65859 12166.3 13968 
8663.21 300 0.813329 4.46339 9921.87 12267.7 300 1.198 3.93525 11885.8 13903 
8777.18 300 2.19776 3.48152 12352.7 13069.3 300 0.0313739 4.35173 13214.3 13776 
8809.75 300 0.151725 2.86645 11168.2 12363.2 300 0.276514 2.89166 12542.1 13888 
8811.69 300 2.62042 1.51243 10492.1 13570 300 3.13422 1.7751 11273.8 13939 
8819.98 300 4.91085 3.25892 9904.91 13078 300 0.669621 3.65252 11232.4 13889 
8871.95 300 1.24331 1.95929 12205 13670 300 1.84892 2.04218 13077.8 14043 
8926.48 300 2.14259 0.649372 10363.9 13192 300 4.02405 2.97926 12015.8 13851 
9024.48 300 1.87422 3.7807 12901.5 13407 300 2.3047 4.72521 13817.1 13831 
9260.86 300 3.40094 3.10357 9606.22 12568.4 300 2.86315 1.49057 11010.9 13039.1 
9387.15 300 1.76173 4.13786 11084.2 13394 300 1.73142 1.64334 13213.5 13993 
9396.96 300 3.4166 2.85198 10804.5 11945.5 300 1.49336 1.97849 11695.6 14013 
9497.4 300 3.3624 4.60875 10543.8 11573.4 300 0.263851 2.4413 12426.9 13892 
9604.64 300 0.014116 2.17391 10552.4 12712.4 300 2.3917 4.53644 13002.3 13852 
9621.22 300 3.39933 3.15636 10365.7 12640.2 300 1.97337 4.07846 11269.7 13024.5 
9639.1 300 3.10203 3.81496 11373.1 13175 300 0.0431863 2.69467 13110.8 13865 
9639.83 300 4.3135 0.0438003 9731.81 11439.8 300 3.55342 1.77521 11504 13756.5 
9702.76 300 1.63156 1.76146 10025.7 12522.7 300 4.35764 4.11267 11278.4 13178.3 
9709.94 300 0.0189689 2.85273 10416.2 11981.4 300 0.576205 3.54573 11596.8 13889 
9711.14 300 3.30663 1.79616 11259.6 12149.6 300 1.13071 4.6777 12872.7 13819 
9719.85 300 3.01956 1.24958 10923.1 12942.9 300 0.140855 4.17732 12691.6 13800 
9760.35 300 0.655438 2.86819 10448.2 13047.7 300 3.43209 2.83893 11678.7 13924 
9794.34 300 3.88133 1.15374 9830.06 12305.9 300 2.22953 1.38805 13076.2 13964 
9828.06 300 4.69429 1.70983 12913.7 13227 300 1.32101 3.30359 13690.1 13974 
9839.18 300 3.59584 4.45408 12143.6 13493 300 3.09092 3.45455 13185.7 13927 
9845.78 300 0.664848 2.72921 11106 13467.8 300 1.2812 1.43817 12475 13947 
9870.73 300 0.936616 3.88323 11235.2 13203 300 1.38168 0.771152 12642.1 13880 
9898.79 300 1.27696 3.33795 10513.1 11698.8 300 2.2199 1.73195 11336.5 14005 
9902.76 300 3.78815 3.42179 10277.1 11702.8 300 4.74776 1.18387 11078.9 13735 
9914.85 300 1.09789 1.62135 10967.9 12969.5 300 0.633389 3.71217 12448.9 13881 
9927.98 300 0.00332997 4.14739 10595.5 11728 300 1.63835 1.63757 11744.5 13287.2 
9954.36 300 0.483261 2.51885 10425.1 11786.2 300 0.558159 4.87016 11846.8 13768 
10002.8 300 0.374438 4.21182 11135.3 12700.1 300 1.76778 1.59092 12645.7 13988 
10060.6 300 3.02163 2.217 11552.4 13214 300 1.51644 4.55282 13841.8 13847 
10099.7 300 0.143377 1.84675 10602.1 12201.1 300 0.111348 3.32042 13249.5 13853 
10137.4 300 2.37057 1.96515 11458.2 12508.2 300 4.7499 3.00705 12869 13765 
10329.3 300 0.349078 1.27664 12398.2 13170 300 0.21218 4.11568 13170.6 13811 
10379.8 300 3.59169 1.69778 12051.6 12776 300 2.3982 1.78961 12964.5 14003 
10389.7 300 4.54336 3.62256 10470.9 12189.7 300 2.94251 3.67171 13380.1 13920 
10398.5 300 1.372 0.439457 10567.6 13005.1 300 3.81126 2.6769 11977.5 13882 
10518.5 300 1.68883 2.74146 11267.2 13640 300 2.49462 2.4789 12524.7 13810.4 
10623.4 300 1.56206 4.60284 11901.1 12654.8 300 0.136809 3.0994 13256.6 13866 
10627.6 300 4.68192 4.42061 11330.3 13188.8 300 3.04871 3.58555 11965.4 13919 
10632 300 1.21263 2.77241 11771.5 12641.7 300 1.55782 4.83102 12751.8 13816 
10639.2 300 3.07817 3.48201 11489.7 13536 300 3.2855 2.58504 12039.7 13946 
10646.4 300 2.18322 1.95097 12703.5 13359 300 3.78848 2.87325 13588.7 13881 
10656.8 300 1.50131 2.84788 11504.3 12456.8 300 3.17421 3.12711 13876 13941 
10661.8 300 2.59156 2.39342 12708.3 13478 300 3.50021 3.02683 13328.1 13910 
10722.1 300 1.51988 4.88806 12270.1 12951.9 300 2.49833 3.04882 13016.1 14012 
10736.2 300 3.02298 2.04541 11935.5 13050 300 0.430861 4.59497 12775.1 13786 
11113.1 300 2.70863 2.35701 11980.4 13205 300 4.59531 1.36311 13361.5 13760 
11121.9 300 3.90672 2.65986 11524.8 12921.9 300 3.82695 0.844885 12527.6 13805 
11136.2 300 4.27318 3.71213 11988.3 13230 300 1.2273 4.0133 13001.2 13897 
11142.6 300 3.65943 1.79414 11156 12942.6 300 3.23933 3.18914 13678.9 13930 
11184.2 300 3.20831 0.270442 11253.1 12984.2 300 3.29965 2.67905 12320.2 13943 
11281.4 300 3.52324 4.25577 11627.7 13081.4 300 2.47921 1.30888 12883.5 13946 
11356 300 1.64033 4.60581 12332.3 13322 300 0.574307 2.28658 13071.3 13928 
11398.1 300 0.129602 1.60404 11965.7 13258 300 0.585011 4.0122 12988.9 13852 
11509.9 300 4.0058 1.27074 11634.2 13309.9 300 3.80476 2.87299 12721.7 13879 
11539 300 1.48439 2.16611 11726.3 13406 300 0.160639 2.73632 12923.7 13878 
11623.4 300 1.4784 2.43478 12531.3 13530 300 1.13624 1.53507 13072.9 13945 
11741.6 300 1.18855 2.96971 12325.4 13658 300 1.39568 3.17063 12892.1 13992 
-2 300 1.18855 2.96971 12325.4 13658 300 1.39568 3.17063 12892.1 13992 
